1526830791,s1,0.00,0.00,0.00,0,0,0.00,0.00,0.00,0,0,0.00,0.00,0,0
1526830791,eth0,0.00,0.00,0.00,0,0,0.00,0.00,0.00,0,0,0.00,0.00,0,0
1526830791,eth1,0.00,0.00,0.00,0,0,0.00,0.00,0.00,0,0,0.00,0.00,0,0
1526830791,s2,0.00,0.00,0.00,0,0,0.00,0.00,0.00,0,0,0.00,0.00,0,0
1526830791,s1-eth2,0.00,0.00,0.00,0,0,0.00,0.00,0.00,0,0,0.00,0.00,0,0
1526830791,s1-eth1,0.00,0.00,0.00,0,0,0.00,0.00,0.00,0,0,0.00,0.00,0,0
1526830791,s3,0.00,0.00,0.00,0,0,0.00,0.00,0.00,0,0,0.00,0.00,0,0
1526830791,s2-eth2,0.00,0.00,0.00,0,0,0.00,0.00,0.00,0,0,0.00,0.00,0,0
1526830791,s2-eth1,0.00,0.00,0.00,0,0,0.00,0.00,0.00,0,0,0.00,0.00,0,0
1526830791,lo,0.00,0.00,0.00,0,0,0.00,0.00,0.00,0,0,0.00,0.00,0,0
1526830791,s3-eth2,0.00,0.00,0.00,0,0,0.00,0.00,0.00,0,0,0.00,0.00,0,0
1526830791,s3-eth1,0.00,0.00,0.00,0,0,0.00,0.00,0.00,0,0,0.00,0.00,0,0
1526830791,total,0.00,0.00,0.00,0,0,0.00,0.00,0.00,0,0,0.00,0.00,0,0
1526830792,s1,90.00,2072.00,2162.00,2072,90,1.00,8.00,9.00,8,1,0.00,0.00,0,0
1526830792,eth0,4379.00,2605.00,6984.00,2605,4379,9.00,9.00,18.00,9,9,0.00,0.00,0,0
1526830792,eth1,107.00,0.00,107.00,0,107,1.00,0.00,1.00,0,1,0.00,0.00,0,0
1526830792,s2,90.00,1118.00,1208.00,1118,90,1.00,5.00,6.00,5,1,0.00,0.00,0,0
1526830792,s1-eth2,146197.00,6027792.00,6173989.00,6027792,146197,1972.00,3988.00,5960.00,3988,1972,0.00,0.00,0,0
1526830792,s1-eth1,6029723.00,146446.00,6176169.00,146446,6029723,3991.00,1979.00,5970.00,1979,3991,0.00,0.00,0,0
1526830792,s3,0.00,1443.00,1443.00,1443,0,0.00,6.00,6.00,6,0,0.00,0.00,0,0
1526830792,s2-eth2,145891.00,6029449.00,6175340.00,6029449,145891,1958.00,3985.00,5943.00,3985,1958,0.00,0.00,0,0
1526830792,s2-eth1,6027792.00,146197.00,6173989.00,146197,6027792,3988.00,1972.00,5960.00,1972,3988,0.00,0.00,0,0
1526830792,lo,6893.00,6893.00,13786.00,6893,6893,66.00,66.00,132.00,66,66,0.00,0.00,0,0
1526830792,s3-eth2,145377.00,6033290.00,6178667.00,6033290,145377,1948.00,3985.00,5933.00,3985,1948,0.00,0.00,0,0
1526830792,s3-eth1,6029449.00,145891.00,6175340.00,145891,6029449,3985.00,1958.00,5943.00,1958,3985,0.00,0.00,0,0
1526830792,total,18535988.00,18543196.00,37079184.00,18543196,18535988,17920.00,17961.00,35881.00,17961,17920,0.00,0.00,0,0
1526830793,s1,0.00,434.00,434.00,434,0,0.00,2.00,2.00,2,0,0.00,0.00,0,0
1526830793,eth0,0.00,0.00,0.00,0,0,0.00,0.00,0.00,0,0,0.00,0.00,0,0
1526830793,eth1,0.00,0.00,0.00,0,0,0.00,0.00,0.00,0,0,0.00,0.00,0,0
1526830793,s2,0.00,701.00,701.00,701,0,0.00,3.00,3.00,3,0,0.00,0.00,0,0
1526830793,s1-eth2,133944.00,5453862.00,5587806.00,5453862,133944,1807.00,3604.00,5411.00,3604,1807,0.00,0.00,0,0
1526830793,s1-eth1,5456997.00,133348.00,5590345.00,133348,5456997,3607.00,1802.00,5409.00,1802,3607,0.00,0.00,0,0
1526830793,s3,0.00,481.00,481.00,481,0,0.00,3.00,3.00,3,0,0.00,0.00,0,0
1526830793,s2-eth2,134051.00,5453755.00,5587806.00,5453755,134051,1808.00,3603.00,5411.00,3603,1808,0.00,0.00,0,0
1526830793,s2-eth1,5453862.00,133944.00,5587806.00,133944,5453862,3604.00,1807.00,5411.00,1807,3604,0.00,0.00,0,0
1526830793,lo,2524.00,2524.00,5048.00,2524,2524,24.00,24.00,48.00,24,24,0.00,0.00,0,0
1526830793,s3-eth2,134674.00,5445858.00,5580532.00,5445858,134674,1813.00,3597.00,5410.00,3597,1813,0.00,0.00,0,0
1526830793,s3-eth1,5453755.00,134051.00,5587806.00,134051,5453755,3603.00,1808.00,5411.00,1808,3603,0.00,0.00,0,0
1526830793,total,16769807.00,16758958.00,33528764.00,16758958,16769807,16266.00,16253.00,32519.00,16253,16266,0.00,0.00,0,0
1526830794,s1,0.00,1108.00,1108.00,1108,0,0.00,6.00,6.00,6,0,0.00,0.00,0,0
1526830794,eth0,0.00,0.00,0.00,0,0,0.00,0.00,0.00,0,0,0.00,0.00,0,0
1526830794,eth1,0.00,0.00,0.00,0,0,0.00,0.00,0.00,0,0,0.00,0.00,0,0
1526830794,s2,0.00,841.00,841.00,841,0,0.00,5.00,5.00,5,0,0.00,0.00,0,0
1526830794,s1-eth2,140253.00,5678538.00,5818791.00,5678538,140253,1892.00,3755.00,5647.00,3755,1892,0.00,0.00,0,0
1526830794,s1-eth1,5680716.00,139486.00,5820202.00,139486,5680716,3759.00,1885.00,5644.00,1885,3759,0.00,0.00,0,0
1526830794,s3,0.00,804.00,804.00,804,0,0.00,5.00,5.00,5,0,0.00,0.00,0,0
1526830794,s2-eth2,141626.00,5677874.00,5819500.00,5677874,141626,1908.00,3752.00,5660.00,3752,1908,0.00,0.00,0,0
1526830794,s2-eth1,5678538.00,140253.00,5818791.00,140253,5678538,3755.00,1892.00,5647.00,1892,3755,0.00,0.00,0,0
1526830794,lo,4768.00,4768.00,9536.00,4768,4768,48.00,48.00,96.00,48,48,0.00,0.00,0,0
1526830794,s3-eth2,142740.00,5679014.00,5821754.00,5679014,142740,1920.00,3751.00,5671.00,3751,1920,0.00,0.00,0,0
1526830794,s3-eth1,5679388.00,141626.00,5821014.00,141626,5679388,3753.00,1908.00,5661.00,1908,3753,0.00,0.00,0,0
1526830794,total,17468028.00,17464312.00,34932340.00,17464312,17468029,17035.00,17007.00,34042.00,17007,17035,0.00,0.00,0,0
1526830795,s1,70.00,607.00,677.00,607,70,1.00,5.00,6.00,5,1,0.00,0.00,0,0
1526830795,eth0,0.00,0.00,0.00,0,0,0.00,0.00,0.00,0,0,0.00,0.00,0,0
1526830795,eth1,0.00,0.00,0.00,0,0,0.00,0.00,0.00,0,0,0.00,0.00,0,0
1526830795,s2,70.00,607.00,677.00,607,70,1.00,5.00,6.00,5,1,0.00,0.00,0,0
1526830795,s1-eth2,146812.00,6058121.00,6204933.00,6058121,146812,1984.00,4006.00,5990.00,4006,1984,0.00,0.00,0,0
1526830795,s1-eth1,6055163.00,147260.00,6202423.00,147260,6055163,4005.00,1990.00,5995.00,1990,4005,0.00,0.00,0,0
1526830795,s3,70.00,537.00,607.00,537,70,1.00,4.00,5.00,4,1,0.00,0.00,0,0
1526830795,s2-eth2,146173.00,6058051.00,6204224.00,6058051,146173,1972.00,4005.00,5977.00,4005,1972,0.00,0.00,0,0
1526830795,s2-eth1,6058121.00,146812.00,6204933.00,146812,6058121,4006.00,1984.00,5990.00,1984,4006,0.00,0.00,0,0
1526830795,lo,4730.00,4730.00,9460.00,4730,4730,51.00,51.00,102.00,51,51,0.00,0.00,0,0
1526830795,s3-eth2,145460.00,6057584.00,6203044.00,6057584,145460,1959.00,4002.00,5961.00,4002,1959,0.00,0.00,0,0
1526830795,s3-eth1,6056537.00,146173.00,6202710.00,146173,6056537,4004.00,1972.00,5976.00,1972,4004,0.00,0.00,0,0
1526830795,total,18613206.00,18620482.00,37233688.00,18620482,18613206,17984.00,18024.00,36008.00,18024,17984,0.00,0.00,0,0
1526830796,s1,0.00,342.00,342.00,342,0,0.00,1.00,1.00,1,0,0.00,0.00,0,0
1526830796,eth0,0.00,0.00,0.00,0,0,0.00,0.00,0.00,0,0,0.00,0.00,0,0
1526830796,eth1,0.00,0.00,0.00,0,0,0.00,0.00,0.00,0,0,0.00,0.00,0,0
1526830796,s2,0.00,0.00,0.00,0,0,0.00,0.00,0.00,0,0,0.00,0.00,0,0
1526830796,s1-eth2,143708.00,5880718.00,6024426.00,5880718,143708,1942.00,3885.00,5827.00,3885,1942,0.00,0.00,0,0
1526830796,s1-eth1,5880718.00,143782.00,6024500.00,143782,5880718,3885.00,1943.00,5828.00,1943,3885,0.00,0.00,0,0
1526830796,s3,0.00,0.00,0.00,0,0,0.00,0.00,0.00,0,0,0.00,0.00,0,0
1526830796,s2-eth2,143708.00,5881890.00,6025598.00,5881890,143708,1942.00,3885.00,5827.00,3885,1942,0.00,0.00,0,0
1526830796,s2-eth1,5880718.00,143708.00,6024426.00,143708,5880718,3885.00,1942.00,5827.00,1942,3885,0.00,0.00,0,0
1526830796,lo,326.00,326.00,652.00,326,326,3.00,3.00,6.00,3,3,0.00,0.00,0,0
1526830796,s3-eth2,143782.00,5881890.00,6025672.00,5881890,143782,1943.00,3885.00,5828.00,3885,1943,0.00,0.00,0,0
1526830796,s3-eth1,5881890.00,143708.00,6025598.00,143708,5881890,3885.00,1942.00,5827.00,1942,3885,0.00,0.00,0,0
1526830796,total,18074850.00,18076364.00,36151216.00,18076364,18074850,17485.00,17486.00,34971.00,17486,17485,0.00,0.00,0,0
1526830797,s1,0.00,106.47,106.47,107,0,0.00,1.00,1.00,1,0,0.00,0.00,0,0
1526830797,eth0,0.00,0.00,0.00,0,0,0.00,0.00,0.00,0,0,0.00,0.00,0,0
1526830797,eth1,0.00,0.00,0.00,0,0,0.00,0.00,0.00,0,0,0.00,0.00,0,0
1526830797,s2,0.00,106.47,106.47,107,0,0.00,1.00,1.00,1,0,0.00,0.00,0,0
1526830797,s1-eth2,145971.14,5926550.00,6072521.50,5956183,146701,1972.14,3915.42,5887.56,3935,1982,0.00,0.00,0,0
1526830797,s1-eth1,5928503.50,145422.89,6073926.50,146150,5958146,3918.41,1965.17,5883.58,1975,3938,0.00,0.00,0,0
1526830797,s3,0.00,212.94,212.94,214,0,0.00,1.99,1.99,2,0,0.00,0.00,0,0
1526830797,s2-eth2,146961.19,5924937.00,6071898.50,5954562,147696,1985.07,3913.43,5898.51,3933,1995,0.00,0.00,0,0
1526830797,s2-eth1,5926550.00,145971.14,6072521.50,146701,5956183,3915.42,1972.14,5887.56,1982,3935,0.00,0.00,0,0
1526830797,lo,1213.93,1213.93,2427.86,1220,1220,11.94,11.94,23.88,12,12,0.00,0.00,0,0
1526830797,s3-eth2,147918.41,5920418.00,6068336.00,5950020,148658,1998.01,3910.45,5908.46,3930,2008,0.00,0.00,0,0
1526830797,s3-eth1,5924937.00,146961.19,6071898.50,147696,5954562,3913.43,1985.07,5898.51,1995,3933,0.00,0.00,0,0
1526830797,total,18222056.00,18211900.00,36433956.00,18302960,18313166,17714.43,17677.61,35392.04,17766,17803,0.00,0.00,0,0
1526830798,s1,0.00,589.00,589.00,589,0,0.00,4.00,4.00,4,0,0.00,0.00,0,0
1526830798,eth0,0.00,0.00,0.00,0,0,0.00,0.00,0.00,0,0,0.00,0.00,0,0
1526830798,eth1,0.00,86.00,86.00,86,0,0.00,1.00,1.00,1,0,0.00,0.00,0,0
1526830798,s2,0.00,589.00,589.00,589,0,0.00,4.00,4.00,4,0,0.00,0.00,0,0
1526830798,s1-eth2,147326.00,6064089.00,6211415.00,6064089,147326,1991.00,4008.00,5999.00,4008,1991,0.00,0.00,0,0
1526830798,s1-eth1,6062645.00,147626.00,6210271.00,147626,6062645,4008.00,1995.00,6003.00,1995,4008,0.00,0.00,0,0
1526830798,s3,0.00,552.00,552.00,552,0,0.00,4.00,4.00,4,0,0.00,0.00,0,0
1526830798,s2-eth2,146924.00,6064019.00,6210943.00,6064019,146924,1982.00,4007.00,5989.00,4007,1982,0.00,0.00,0,0
1526830798,s2-eth1,6064089.00,147326.00,6211415.00,147326,6064089,4008.00,1991.00,5999.00,1991,4008,0.00,0.00,0,0
1526830798,lo,3412.00,3412.00,6824.00,3412,3412,35.00,35.00,70.00,35,35,0.00,0.00,0,0
1526830798,s3-eth2,145995.00,6068112.00,6214107.00,6068112,145995,1969.00,4008.00,5977.00,4008,1969,0.00,0.00,0,0
1526830798,s3-eth1,6064019.00,146924.00,6210943.00,146924,6064019,4007.00,1982.00,5989.00,1982,4007,0.00,0.00,0,0
1526830798,total,18634410.00,18643324.00,37277736.00,18643324,18634410,18000.00,18039.00,36039.00,18039,18000,0.00,0.00,0,0
1526830799,s1,70.00,280.00,350.00,280,70,1.00,4.00,5.00,4,1,0.00,0.00,0,0
1526830799,eth0,4152.00,2331.00,6483.00,2331,4152,7.00,8.00,15.00,8,7,0.00,0.00,0,0
1526830799,eth1,0.00,0.00,0.00,0,0,0.00,0.00,0.00,0,0,0.00,0.00,0,0
1526830799,s2,70.00,622.00,692.00,622,70,1.00,5.00,6.00,5,1,0.00,0.00,0,0
1526830799,s1-eth2,147524.00,6021458.00,6168982.00,6021458,147524,1990.00,3981.00,5971.00,3981,1990,0.00,0.00,0,0
1526830799,s1-eth1,6021528.00,147186.00,6168714.00,147186,6021528,3982.00,1989.00,5971.00,1989,3982,0.00,0.00,0,0
1526830799,s3,70.00,552.00,622.00,552,70,1.00,4.00,5.00,4,1,0.00,0.00,0,0
1526830799,s2-eth2,147520.00,6025930.00,6173450.00,6025930,147520,1990.00,3983.00,5973.00,3983,1990,0.00,0.00,0,0
1526830799,s2-eth1,6021458.00,147524.00,6168982.00,147524,6021458,3981.00,1990.00,5971.00,1990,3981,0.00,0.00,0,0
1526830799,lo,4404.00,4404.00,8808.00,4404,4404,48.00,48.00,96.00,48,48,0.00,0.00,0,0
1526830799,s3-eth2,147664.00,6024276.00,6171940.00,6024276,147664,1992.00,3980.00,5972.00,3980,1992,0.00,0.00,0,0
1526830799,s3-eth1,6025930.00,147520.00,6173450.00,147520,6025930,3983.00,1990.00,5973.00,1990,3983,0.00,0.00,0,0
1526830799,total,18520390.00,18522084.00,37042472.00,18522083,18520390,17976.00,17982.00,35958.00,17982,17976,0.00,0.00,0,0
1526830800,s1,0.00,0.00,0.00,0,0,0.00,0.00,0.00,0,0,0.00,0.00,0,0
1526830800,eth0,0.00,0.00,0.00,0,0,0.00,0.00,0.00,0,0,0.00,0.00,0,0
1526830800,eth1,342.00,0.00,342.00,0,342,1.00,0.00,1.00,0,1,0.00,0.00,0,0
1526830800,s2,0.00,0.00,0.00,0,0,0.00,0.00,0.00,0,0,0.00,0.00,0,0
1526830800,s1-eth2,147926.00,6057514.00,6205440.00,6057514,147926,1999.00,4001.00,6000.00,4001,1999,0.00,0.00,0,0
1526830800,s1-eth1,6054486.00,147926.00,6202412.00,147926,6054486,3999.00,1999.00,5998.00,1999,3999,0.00,0.00,0,0
1526830800,s3,0.00,0.00,0.00,0,0,0.00,0.00,0.00,0,0,0.00,0.00,0,0
1526830800,s2-eth2,148000.00,6054486.00,6202486.00,6054486,148000,2000.00,3999.00,5999.00,3999,2000,0.00,0.00,0,0
1526830800,s2-eth1,6057514.00,147926.00,6205440.00,147926,6057514,4001.00,1999.00,6000.00,1999,4001,0.00,0.00,0,0
1526830800,lo,0.00,0.00,0.00,0,0,0.00,0.00,0.00,0,0,0.00,0.00,0,0
1526830800,s3-eth2,147926.00,6057514.00,6205440.00,6057514,147926,1999.00,4001.00,6000.00,4001,1999,0.00,0.00,0,0
1526830800,s3-eth1,6054486.00,148000.00,6202486.00,148000,6054486,3999.00,2000.00,5999.00,2000,3999,0.00,0.00,0,0
1526830800,total,18610680.00,18613366.00,37224048.00,18613366,18610680,17998.00,17999.00,35997.00,17999,17998,0.00,0.00,0,0
1526830801,s1,0.00,0.00,0.00,0,0,0.00,0.00,0.00,0,0,0.00,0.00,0,0
1526830801,eth0,0.00,0.00,0.00,0,0,0.00,0.00,0.00,0,0,0.00,0.00,0,0
1526830801,eth1,0.00,0.00,0.00,0,0,0.00,0.00,0.00,0,0,0.00,0.00,0,0
1526830801,s2,0.00,0.00,0.00,0,0,0.00,0.00,0.00,0,0,0.00,0.00,0,0
1526830801,s1-eth2,152810.00,6251306.00,6404116.00,6251306,152810,2065.00,4129.00,6194.00,4129,2065,0.00,0.00,0,0
1526830801,s1-eth1,6251306.00,152810.00,6404116.00,152810,6251306,4129.00,2065.00,6194.00,2065,4129,0.00,0.00,0,0
1526830801,s3,0.00,0.00,0.00,0,0,0.00,0.00,0.00,0,0,0.00,0.00,0,0
1526830801,s2-eth2,152736.00,6251306.00,6404042.00,6251306,152736,2064.00,4129.00,6193.00,4129,2064,0.00,0.00,0,0
1526830801,s2-eth1,6251306.00,152810.00,6404116.00,152810,6251306,4129.00,2065.00,6194.00,2065,4129,0.00,0.00,0,0
1526830801,lo,0.00,0.00,0.00,0,0,0.00,0.00,0.00,0,0,0.00,0.00,0,0
1526830801,s3-eth2,152810.00,6251306.00,6404116.00,6251306,152810,2065.00,4129.00,6194.00,4129,2065,0.00,0.00,0,0
1526830801,s3-eth1,6251306.00,152736.00,6404042.00,152736,6251306,4129.00,2064.00,6193.00,2064,4129,0.00,0.00,0,0
1526830801,total,19212274.00,19212274.00,38424548.00,19212274,19212274,18581.00,18581.00,37162.00,18581,18581,0.00,0.00,0,0
1526830802,s1,0.00,0.00,0.00,0,0,0.00,0.00,0.00,0,0,0.00,0.00,0,0
1526830802,eth0,60.00,60.00,120.00,60,60,1.00,1.00,2.00,1,1,0.00,0.00,0,0
1526830802,eth1,0.00,0.00,0.00,0,0,0.00,0.00,0.00,0,0,0.00,0.00,0,0
1526830802,s2,0.00,0.00,0.00,0,0,0.00,0.00,0.00,0,0,0.00,0.00,0,0
1526830802,s1-eth2,152588.00,6243736.00,6396324.00,6243736,152588,2062.00,4124.00,6186.00,4124,2062,0.00,0.00,0,0
1526830802,s1-eth1,6243736.00,152514.00,6396250.00,152514,6243736,4124.00,2061.00,6185.00,2061,4124,0.00,0.00,0,0
1526830802,s3,0.00,0.00,0.00,0,0,0.00,0.00,0.00,0,0,0.00,0.00,0,0
1526830802,s2-eth2,152588.00,6243736.00,6396324.00,6243736,152588,2062.00,4124.00,6186.00,4124,2062,0.00,0.00,0,0
1526830802,s2-eth1,6243736.00,152588.00,6396324.00,152588,6243736,4124.00,2062.00,6186.00,2062,4124,0.00,0.00,0,0
1526830802,lo,0.00,0.00,0.00,0,0,0.00,0.00,0.00,0,0,0.00,0.00,0,0
1526830802,s3-eth2,152514.00,6243736.00,6396250.00,6243736,152514,2061.00,4124.00,6185.00,4124,2061,0.00,0.00,0,0
1526830802,s3-eth1,6243736.00,152588.00,6396324.00,152588,6243736,4124.00,2062.00,6186.00,2062,4124,0.00,0.00,0,0
1526830802,total,19188958.00,19188958.00,38377916.00,19188958,19188958,18558.00,18558.00,37116.00,18558,18558,0.00,0.00,0,0
1526830803,s1,0.00,0.00,0.00,0,0,0.00,0.00,0.00,0,0,0.00,0.00,0,0
1526830803,eth0,0.00,0.00,0.00,0,0,0.00,0.00,0.00,0,0,0.00,0.00,0,0
1526830803,eth1,0.00,0.00,0.00,0,0,0.00,0.00,0.00,0,0,0.00,0.00,0,0
1526830803,s2,0.00,0.00,0.00,0,0,0.00,0.00,0.00,0,0,0.00,0.00,0,0
1526830803,s1-eth2,152070.00,6224054.00,6376124.00,6224054,152070,2055.00,4111.00,6166.00,4111,2055,0.00,0.00,0,0
1526830803,s1-eth1,6224054.00,152144.00,6376198.00,152144,6224054,4111.00,2056.00,6167.00,2056,4111,0.00,0.00,0,0
1526830803,s3,0.00,0.00,0.00,0,0,0.00,0.00,0.00,0,0,0.00,0.00,0,0
1526830803,s2-eth2,152218.00,6224054.00,6376272.00,6224054,152218,2057.00,4111.00,6168.00,4111,2057,0.00,0.00,0,0
1526830803,s2-eth1,6224054.00,152070.00,6376124.00,152070,6224054,4111.00,2055.00,6166.00,2055,4111,0.00,0.00,0,0
1526830803,lo,0.00,0.00,0.00,0,0,0.00,0.00,0.00,0,0,0.00,0.00,0,0
1526830803,s3-eth2,152218.00,6224054.00,6376272.00,6224054,152218,2057.00,4111.00,6168.00,4111,2057,0.00,0.00,0,0
1526830803,s3-eth1,6224054.00,152218.00,6376272.00,152218,6224054,4111.00,2057.00,6168.00,2057,4111,0.00,0.00,0,0
1526830803,total,19128668.00,19128594.00,38257264.00,19128594,19128668,18502.00,18501.00,37003.00,18501,18502,0.00,0.00,0,0
1526830804,s1,0.00,342.00,342.00,342,0,0.00,1.00,1.00,1,0,0.00,0.00,0,0
1526830804,eth0,0.00,0.00,0.00,0,0,0.00,0.00,0.00,0,0,0.00,0.00,0,0
1526830804,eth1,0.00,0.00,0.00,0,0,0.00,0.00,0.00,0,0,0.00,0.00,0,0
1526830804,s2,0.00,342.00,342.00,342,0,0.00,1.00,1.00,1,0,0.00,0.00,0,0
1526830804,s1-eth2,152662.00,6247106.00,6399768.00,6247106,152662,2063.00,4127.00,6190.00,4127,2063,0.00,0.00,0,0
1526830804,s1-eth1,6247106.00,152662.00,6399768.00,152662,6247106,4127.00,2063.00,6190.00,2063,4127,0.00,0.00,0,0
1526830804,s3,0.00,0.00,0.00,0,0,0.00,0.00,0.00,0,0,0.00,0.00,0,0
1526830804,s2-eth2,152588.00,6247106.00,6399694.00,6247106,152588,2062.00,4127.00,6189.00,4127,2062,0.00,0.00,0,0
1526830804,s2-eth1,6247106.00,152662.00,6399768.00,152662,6247106,4127.00,2063.00,6190.00,2063,4127,0.00,0.00,0,0
1526830804,lo,824.00,824.00,1648.00,824,824,9.00,9.00,18.00,9,9,0.00,0.00,0,0
1526830804,s3-eth2,152588.00,6246764.00,6399352.00,6246764,152588,2062.00,4126.00,6188.00,4126,2062,0.00,0.00,0,0
1526830804,s3-eth1,6247106.00,152588.00,6399694.00,152588,6247106,4127.00,2062.00,6189.00,2062,4127,0.00,0.00,0,0
1526830804,total,19199980.00,19200396.00,38400376.00,19200396,19199980,18577.00,18579.00,37156.00,18579,18577,0.00,0.00,0,0
1526830805,s1,0.00,449.00,449.00,449,0,0.00,2.00,2.00,2,0,0.00,0.00,0,0
1526830805,eth0,0.00,0.00,0.00,0,0,0.00,0.00,0.00,0,0,0.00,0.00,0,0
1526830805,eth1,0.00,0.00,0.00,0,0,0.00,0.00,0.00,0,0,0.00,0.00,0,0
1526830805,s2,0.00,107.00,107.00,107,0,0.00,1.00,1.00,1,0,0.00,0.00,0,0
1526830805,s1-eth2,152399.00,6232073.00,6384472.00,6232073,152399,2059.00,4118.00,6177.00,4118,2059,0.00,0.00,0,0
1526830805,s1-eth1,6232180.00,152292.00,6384472.00,152292,6232180,4119.00,2058.00,6177.00,2058,4119,0.00,0.00,0,0
1526830805,s3,0.00,214.00,214.00,214,0,0.00,2.00,2.00,2,0,0.00,0.00,0,0
1526830805,s2-eth2,152506.00,6233138.00,6385644.00,6233138,152506,2060.00,4117.00,6177.00,4117,2060,0.00,0.00,0,0
1526830805,s2-eth1,6232073.00,152399.00,6384472.00,152399,6232073,4118.00,2059.00,6177.00,2059,4118,0.00,0.00,0,0
1526830805,lo,1546.00,1546.00,3092.00,1546,1546,15.00,15.00,30.00,15,15,0.00,0.00,0,0
1526830805,s3-eth2,152506.00,6233138.00,6385644.00,6233138,152506,2060.00,4117.00,6177.00,4117,2060,0.00,0.00,0,0
1526830805,s3-eth1,6233138.00,152506.00,6385644.00,152506,6233138,4117.00,2060.00,6177.00,2060,4117,0.00,0.00,0,0
1526830805,total,19156348.00,19157862.00,38314208.00,19157862,19156348,18548.00,18549.00,37097.00,18549,18548,0.00,0.00,0,0
1526830806,s1,0.00,107.00,107.00,107,0,0.00,1.00,1.00,1,0,0.00,0.00,0,0
1526830806,eth0,0.00,0.00,0.00,0,0,0.00,0.00,0.00,0,0,0.00,0.00,0,0
1526830806,eth1,0.00,0.00,0.00,0,0,0.00,0.00,0.00,0,0,0.00,0.00,0,0
1526830806,s2,0.00,107.00,107.00,107,0,0.00,1.00,1.00,1,0,0.00,0.00,0,0
1526830806,s1-eth2,151996.00,6218105.00,6370101.00,6218105,151996,2054.00,4108.00,6162.00,4108,2054,0.00,0.00,0,0
1526830806,s1-eth1,6218105.00,151996.00,6370101.00,151996,6218105,4108.00,2054.00,6162.00,2054,4108,0.00,0.00,0,0
1526830806,s3,0.00,0.00,0.00,0,0,0.00,0.00,0.00,0,0,0.00,0.00,0,0
1526830806,s2-eth2,151922.00,6216591.00,6368513.00,6216591,151922,2053.00,4107.00,6160.00,4107,2053,0.00,0.00,0,0
1526830806,s2-eth1,6218105.00,151996.00,6370101.00,151996,6218105,4108.00,2054.00,6162.00,2054,4108,0.00,0.00,0,0
1526830806,lo,610.00,610.00,1220.00,610,610,6.00,6.00,12.00,6,6,0.00,0.00,0,0
1526830806,s3-eth2,152103.00,6221026.00,6373129.00,6221026,152103,2055.00,4109.00,6164.00,4109,2055,0.00,0.00,0,0
1526830806,s3-eth1,6216591.00,151922.00,6368513.00,151922,6216591,4107.00,2053.00,6160.00,2053,4107,0.00,0.00,0,0
1526830806,total,19109432.00,19112460.00,38221892.00,19112460,19109432,18491.00,18493.00,36984.00,18493,18491,0.00,0.00,0,0
1526830807,s1,0.00,0.00,0.00,0,0,0.00,0.00,0.00,0,0,0.00,0.00,0,0
1526830807,eth0,0.00,0.00,0.00,0,0,0.00,0.00,0.00,0,0,0.00,0.00,0,0
1526830807,eth1,0.00,0.00,0.00,0,0,0.00,0.00,0.00,0,0,0.00,0.00,0,0
1526830807,s2,0.00,0.00,0.00,0,0,0.00,0.00,0.00,0,0,0.00,0.00,0,0
1526830807,s1-eth2,152514.00,6242222.00,6394736.00,6242222,152514,2061.00,4123.00,6184.00,4123,2061,0.00,0.00,0,0
1526830807,s1-eth1,6242222.00,152514.00,6394736.00,152514,6242222,4123.00,2061.00,6184.00,2061,4123,0.00,0.00,0,0
1526830807,s3,0.00,0.00,0.00,0,0,0.00,0.00,0.00,0,0,0.00,0.00,0,0
1526830807,s2-eth2,152514.00,6242222.00,6394736.00,6242222,152514,2061.00,4123.00,6184.00,4123,2061,0.00,0.00,0,0
1526830807,s2-eth1,6242222.00,152514.00,6394736.00,152514,6242222,4123.00,2061.00,6184.00,2061,4123,0.00,0.00,0,0
1526830807,lo,0.00,0.00,0.00,0,0,0.00,0.00,0.00,0,0,0.00,0.00,0,0
1526830807,s3-eth2,152514.00,6242222.00,6394736.00,6242222,152514,2061.00,4123.00,6184.00,4123,2061,0.00,0.00,0,0
1526830807,s3-eth1,6242222.00,152514.00,6394736.00,152514,6242222,4123.00,2061.00,6184.00,2061,4123,0.00,0.00,0,0
1526830807,total,19184208.00,19184208.00,38368416.00,19184208,19184208,18552.00,18552.00,37104.00,18552,18552,0.00,0.00,0,0
1526830808,s1,0.00,0.00,0.00,0,0,0.00,0.00,0.00,0,0,0.00,0.00,0,0
1526830808,eth0,0.00,0.00,0.00,0,0,0.00,0.00,0.00,0,0,0.00,0.00,0,0
1526830808,eth1,452.00,0.00,452.00,0,452,2.00,0.00,2.00,0,2,0.00,0.00,0,0
1526830808,s2,0.00,0.00,0.00,0,0,0.00,0.00,0.00,0,0,0.00,0.00,0,0
1526830808,s1-eth2,149924.00,6131700.00,6281624.00,6131700,149924,2026.00,4050.00,6076.00,4050,2026,0.00,0.00,0,0
1526830808,s1-eth1,6134728.00,149924.00,6284652.00,149924,6134728,4052.00,2026.00,6078.00,2026,4052,0.00,0.00,0,0
1526830808,s3,0.00,0.00,0.00,0,0,0.00,0.00,0.00,0,0,0.00,0.00,0,0
1526830808,s2-eth2,150294.00,6128672.00,6278966.00,6128672,150294,2031.00,4048.00,6079.00,4048,2031,0.00,0.00,0,0
1526830808,s2-eth1,6131700.00,149924.00,6281624.00,149924,6131700,4050.00,2026.00,6076.00,2026,4050,0.00,0.00,0,0
1526830808,lo,0.00,0.00,0.00,0,0,0.00,0.00,0.00,0,0,0.00,0.00,0,0
1526830808,s3-eth2,150368.00,6121102.00,6271470.00,6121102,150368,2032.00,4043.00,6075.00,4043,2032,0.00,0.00,0,0
1526830808,s3-eth1,6128672.00,150294.00,6278966.00,150294,6128672,4048.00,2031.00,6079.00,2031,4048,0.00,0.00,0,0
1526830808,total,18846138.00,18831616.00,37677752.00,18831616,18846138,18241.00,18224.00,36465.00,18224,18241,0.00,0.00,0,0
1526830809,s1,0.00,0.00,0.00,0,0,0.00,0.00,0.00,0,0,0.00,0.00,0,0
1526830809,eth0,2212.00,7215.00,9427.00,7215,2212,17.00,19.00,36.00,19,17,0.00,0.00,0,0
1526830809,eth1,188.00,0.00,188.00,0,188,2.00,0.00,2.00,0,2,0.00,0.00,0,0
1526830809,s2,0.00,342.00,342.00,342,0,0.00,1.00,1.00,1,0,0.00,0.00,0,0
1526830809,s1-eth2,151228.00,6174092.00,6325320.00,6174092,151228,2040.00,4078.00,6118.00,4078,2040,0.00,0.00,0,0
1526830809,s1-eth1,6174434.00,150886.00,6325320.00,150886,6174434,4079.00,2039.00,6118.00,2039,4079,0.00,0.00,0,0
1526830809,s3,0.00,342.00,342.00,342,0,0.00,1.00,1.00,1,0,0.00,0.00,0,0
1526830809,s2-eth2,150932.00,6175606.00,6326538.00,6175606,150932,2036.00,4079.00,6115.00,4079,2036,0.00,0.00,0,0
1526830809,s2-eth1,6174092.00,151228.00,6325320.00,151228,6174092,4078.00,2040.00,6118.00,2040,4078,0.00,0.00,0,0
1526830809,lo,1812.00,1812.00,3624.00,1812,1812,16.00,16.00,32.00,16,16,0.00,0.00,0,0
1526830809,s3-eth2,150784.00,6175606.00,6326390.00,6175606,150784,2034.00,4079.00,6113.00,4079,2034,0.00,0.00,0,0
1526830809,s3-eth1,6175606.00,150932.00,6326538.00,150932,6175606,4079.00,2036.00,6115.00,2036,4079,0.00,0.00,0,0
1526830809,total,18981288.00,18988060.00,37969348.00,18988061,18981288,18381.00,18388.00,36769.00,18388,18381,0.00,0.00,0,0
1526830810,s1,0.00,0.00,0.00,0,0,0.00,0.00,0.00,0,0,0.00,0.00,0,0
1526830810,eth0,93.00,60.00,153.00,60,93,1.00,1.00,2.00,1,1,0.00,0.00,0,0
1526830810,eth1,1324.00,0.00,1324.00,0,1324,8.00,0.00,8.00,0,8,0.00,0.00,0,0
1526830810,s2,0.00,0.00,0.00,0,0,0.00,0.00,0.00,0,0,0.00,0.00,0,0
1526830810,s1-eth2,140526.00,5747144.00,5887670.00,5747144,140526,1899.00,3796.00,5695.00,3796,1899,0.00,0.00,0,0
1526830810,s1-eth1,5748658.00,140452.00,5889110.00,140452,5748658,3797.00,1898.00,5695.00,1898,3797,0.00,0.00,0,0
1526830810,s3,0.00,0.00,0.00,0,0,0.00,0.00,0.00,0,0,0.00,0.00,0,0
1526830810,s2-eth2,140452.00,5747144.00,5887596.00,5747144,140452,1898.00,3796.00,5694.00,3796,1898,0.00,0.00,0,0
1526830810,s2-eth1,5747144.00,140526.00,5887670.00,140526,5747144,3796.00,1899.00,5695.00,1899,3796,0.00,0.00,0,0
1526830810,lo,172.00,172.00,344.00,172,172,3.00,3.00,6.00,3,3,0.00,0.00,0,0
1526830810,s3-eth2,140452.00,5747144.00,5887596.00,5747144,140452,1898.00,3796.00,5694.00,3796,1898,0.00,0.00,0,0
1526830810,s3-eth1,5747144.00,140452.00,5887596.00,140452,5747144,3796.00,1898.00,5694.00,1898,3796,0.00,0.00,0,0
1526830810,total,17665964.00,17663094.00,35329060.00,17663094,17665965,17096.00,17087.00,34183.00,17087,17096,0.00,0.00,0,0
1526830811,s1,0.00,0.00,0.00,0,0,0.00,0.00,0.00,0,0,0.00,0.00,0,0
1526830811,eth0,0.00,0.00,0.00,0,0,0.00,0.00,0.00,0,0,0.00,0.00,0,0
1526830811,eth1,1156.00,0.00,1156.00,0,1156,5.00,0.00,5.00,0,5,0.00,0.00,0,0
1526830811,s2,0.00,0.00,0.00,0,0,0.00,0.00,0.00,0,0,0.00,0.00,0,0
1526830811,s1-eth2,152144.00,6224054.00,6376198.00,6224054,152144,2056.00,4111.00,6167.00,4111,2056,0.00,0.00,0,0
1526830811,s1-eth1,6224054.00,152218.00,6376272.00,152218,6224054,4111.00,2057.00,6168.00,2057,4111,0.00,0.00,0,0
1526830811,s3,0.00,0.00,0.00,0,0,0.00,0.00,0.00,0,0,0.00,0.00,0,0
1526830811,s2-eth2,152218.00,6224054.00,6376272.00,6224054,152218,2057.00,4111.00,6168.00,4111,2057,0.00,0.00,0,0
1526830811,s2-eth1,6224054.00,152144.00,6376198.00,152144,6224054,4111.00,2056.00,6167.00,2056,4111,0.00,0.00,0,0
1526830811,lo,0.00,0.00,0.00,0,0,0.00,0.00,0.00,0,0,0.00,0.00,0,0
1526830811,s3-eth2,152218.00,6224054.00,6376272.00,6224054,152218,2057.00,4111.00,6168.00,4111,2057,0.00,0.00,0,0
1526830811,s3-eth1,6224054.00,152218.00,6376272.00,152218,6224054,4111.00,2057.00,6168.00,2057,4111,0.00,0.00,0,0
1526830811,total,19129898.00,19128742.00,38258640.00,19128742,19129898,18508.00,18503.00,37011.00,18503,18508,0.00,0.00,0,0
1526830812,s1,0.00,0.00,0.00,0,0,0.00,0.00,0.00,0,0,0.00,0.00,0,0
1526830812,eth0,60.00,60.00,120.00,60,60,1.00,1.00,2.00,1,1,0.00,0.00,0,0
1526830812,eth1,669.00,0.00,669.00,0,669,2.00,0.00,2.00,0,2,0.00,0.00,0,0
1526830812,s2,0.00,0.00,0.00,0,0,0.00,0.00,0.00,0,0,0.00,0.00,0,0
1526830812,s1-eth2,152440.00,6242222.00,6394662.00,6242222,152440,2060.00,4123.00,6183.00,4123,2060,0.00,0.00,0,0
1526830812,s1-eth1,6240708.00,152440.00,6393148.00,152440,6240708,4122.00,2060.00,6182.00,2060,4122,0.00,0.00,0,0
1526830812,s3,0.00,342.00,342.00,342,0,0.00,1.00,1.00,1,0,0.00,0.00,0,0
1526830812,s2-eth2,152856.00,6242222.00,6395078.00,6242222,152856,2062.00,4123.00,6185.00,4123,2062,0.00,0.00,0,0
1526830812,s2-eth1,6242222.00,152440.00,6394662.00,152440,6242222,4123.00,2060.00,6183.00,2060,4123,0.00,0.00,0,0
1526830812,lo,326.00,326.00,652.00,326,326,3.00,3.00,6.00,3,3,0.00,0.00,0,0
1526830812,s3-eth2,152856.00,6245250.00,6398106.00,6245250,152856,2062.00,4125.00,6187.00,4125,2062,0.00,0.00,0,0
1526830812,s3-eth1,6242222.00,152856.00,6395078.00,152856,6242222,4123.00,2062.00,6185.00,2062,4123,0.00,0.00,0,0
1526830812,total,19184360.00,19188158.00,38372516.00,19188158,19184359,18558.00,18558.00,37116.00,18558,18558,0.00,0.00,0,0
1526830813,s1,0.00,0.00,0.00,0,0,0.00,0.00,0.00,0,0,0.00,0.00,0,0
1526830813,eth0,0.00,0.00,0.00,0,0,0.00,0.00,0.00,0,0,0.00,0.00,0,0
1526830813,eth1,107.00,0.00,107.00,0,107,1.00,0.00,1.00,0,1,0.00,0.00,0,0
1526830813,s2,0.00,0.00,0.00,0,0,0.00,0.00,0.00,0,0,0.00,0.00,0,0
1526830813,s1-eth2,151742.00,6207442.00,6359184.00,6207442,151742,2051.00,4101.00,6152.00,4101,2051,0.00,0.00,0,0
1526830813,s1-eth1,6207442.00,151742.00,6359184.00,151742,6207442,4101.00,2051.00,6152.00,2051,4101,0.00,0.00,0,0
1526830813,s3,0.00,0.00,0.00,0,0,0.00,0.00,0.00,0,0,0.00,0.00,0,0
1526830813,s2-eth2,151742.00,6208956.00,6360698.00,6208956,151742,2051.00,4102.00,6153.00,4102,2051,0.00,0.00,0,0
1526830813,s2-eth1,6207442.00,151742.00,6359184.00,151742,6207442,4101.00,2051.00,6152.00,2051,4101,0.00,0.00,0,0
1526830813,lo,888.00,888.00,1776.00,888,888,9.00,9.00,18.00,9,9,0.00,0.00,0,0
1526830813,s3-eth2,151742.00,6207442.00,6359184.00,6207442,151742,2051.00,4101.00,6152.00,4101,2051,0.00,0.00,0,0
1526830813,s3-eth1,6208956.00,151742.00,6360698.00,151742,6208956,4102.00,2051.00,6153.00,2051,4102,0.00,0.00,0,0
1526830813,total,19080060.00,19079954.00,38160016.00,19079954,19080061,18467.00,18466.00,36933.00,18466,18467,0.00,0.00,0,0
1526830814,s1,0.00,0.00,0.00,0,0,0.00,0.00,0.00,0,0,0.00,0.00,0,0
1526830814,eth0,0.00,0.00,0.00,0,0,0.00,0.00,0.00,0,0,0.00,0.00,0,0
1526830814,eth1,664.00,0.00,664.00,0,664,3.00,0.00,3.00,0,3,0.00,0.00,0,0
1526830814,s2,0.00,0.00,0.00,0,0,0.00,0.00,0.00,0,0,0.00,0.00,0,0
1526830814,s1-eth2,152736.00,6248278.00,6401014.00,6248278,152736,2064.00,4127.00,6191.00,4127,2064,0.00,0.00,0,0
1526830814,s1-eth1,6248278.00,152736.00,6401014.00,152736,6248278,4127.00,2064.00,6191.00,2064,4127,0.00,0.00,0,0
1526830814,s3,0.00,0.00,0.00,0,0,0.00,0.00,0.00,0,0,0.00,0.00,0,0
1526830814,s2-eth2,152588.00,6248278.00,6400866.00,6248278,152588,2062.00,4127.00,6189.00,4127,2062,0.00,0.00,0,0
1526830814,s2-eth1,6248278.00,152736.00,6401014.00,152736,6248278,4127.00,2064.00,6191.00,2064,4127,0.00,0.00,0,0
1526830814,lo,0.00,0.00,0.00,0,0,0.00,0.00,0.00,0,0,0.00,0.00,0,0
1526830814,s3-eth2,152662.00,6248278.00,6400940.00,6248278,152662,2063.00,4127.00,6190.00,4127,2063,0.00,0.00,0,0
1526830814,s3-eth1,6248278.00,152588.00,6400866.00,152588,6248278,4127.00,2062.00,6189.00,2062,4127,0.00,0.00,0,0
1526830814,total,19203484.00,19202894.00,38406376.00,19202894,19203484,18573.00,18571.00,37144.00,18571,18573,0.00,0.00,0,0
1526830815,s1,0.00,0.00,0.00,0,0,0.00,0.00,0.00,0,0,0.00,0.00,0,0
1526830815,eth0,0.00,0.00,0.00,0,0,0.00,0.00,0.00,0,0,0.00,0.00,0,0
1526830815,eth1,0.00,0.00,0.00,0,0,0.00,0.00,0.00,0,0,0.00,0.00,0,0
1526830815,s2,0.00,0.00,0.00,0,0,0.00,0.00,0.00,0,0,0.00,0.00,0,0
1526830815,s1-eth2,152514.00,6242222.00,6394736.00,6242222,152514,2061.00,4123.00,6184.00,4123,2061,0.00,0.00,0,0
1526830815,s1-eth1,6240708.00,152440.00,6393148.00,152440,6240708,4122.00,2060.00,6182.00,2060,4122,0.00,0.00,0,0
1526830815,s3,0.00,0.00,0.00,0,0,0.00,0.00,0.00,0,0,0.00,0.00,0,0
1526830815,s2-eth2,152588.00,6242222.00,6394810.00,6242222,152588,2062.00,4123.00,6185.00,4123,2062,0.00,0.00,0,0
1526830815,s2-eth1,6242222.00,152514.00,6394736.00,152514,6242222,4123.00,2061.00,6184.00,2061,4123,0.00,0.00,0,0
1526830815,lo,0.00,0.00,0.00,0,0,0.00,0.00,0.00,0,0,0.00,0.00,0,0
1526830815,s3-eth2,152514.00,6242222.00,6394736.00,6242222,152514,2061.00,4123.00,6184.00,4123,2061,0.00,0.00,0,0
1526830815,s3-eth1,6242222.00,152588.00,6394810.00,152588,6242222,4123.00,2062.00,6185.00,2062,4123,0.00,0.00,0,0
1526830815,total,19182768.00,19184208.00,38366976.00,19184208,19182768,18552.00,18552.00,37104.00,18552,18552,0.00,0.00,0,0
1526830816,s1,0.00,0.00,0.00,0,0,0.00,0.00,0.00,0,0,0.00,0.00,0,0
1526830816,eth0,0.00,0.00,0.00,0,0,0.00,0.00,0.00,0,0,0.00,0.00,0,0
1526830816,eth1,0.00,0.00,0.00,0,0,0.00,0.00,0.00,0,0,0.00,0.00,0,0
1526830816,s2,0.00,0.00,0.00,0,0,0.00,0.00,0.00,0,0,0.00,0.00,0,0
1526830816,s1-eth2,151996.00,6219512.00,6371508.00,6219512,151996,2054.00,4108.00,6162.00,4108,2054,0.00,0.00,0,0
1526830816,s1-eth1,6219512.00,151996.00,6371508.00,151996,6219512,4108.00,2054.00,6162.00,2054,4108,0.00,0.00,0,0
1526830816,s3,0.00,0.00,0.00,0,0,0.00,0.00,0.00,0,0,0.00,0.00,0,0
1526830816,s2-eth2,151922.00,6219512.00,6371434.00,6219512,151922,2053.00,4108.00,6161.00,4108,2053,0.00,0.00,0,0
1526830816,s2-eth1,6219512.00,151996.00,6371508.00,151996,6219512,4108.00,2054.00,6162.00,2054,4108,0.00,0.00,0,0
1526830816,lo,0.00,0.00,0.00,0,0,0.00,0.00,0.00,0,0,0.00,0.00,0,0
1526830816,s3-eth2,151922.00,6217998.00,6369920.00,6217998,151922,2053.00,4107.00,6160.00,4107,2053,0.00,0.00,0,0
1526830816,s3-eth1,6219512.00,151922.00,6371434.00,151922,6219512,4108.00,2053.00,6161.00,2053,4108,0.00,0.00,0,0
1526830816,total,19114376.00,19112936.00,38227312.00,19112936,19114376,18484.00,18484.00,36968.00,18484,18484,0.00,0.00,0,0
1526830817,s1,0.00,0.00,0.00,0,0,0.00,0.00,0.00,0,0,0.00,0.00,0,0
1526830817,eth0,0.00,0.00,0.00,0,0,0.00,0.00,0.00,0,0,0.00,0.00,0,0
1526830817,eth1,107.00,0.00,107.00,0,107,1.00,0.00,1.00,0,1,0.00,0.00,0,0
1526830817,s2,0.00,0.00,0.00,0,0,0.00,0.00,0.00,0,0,0.00,0.00,0,0
1526830817,s1-eth2,152736.00,6249792.00,6402528.00,6249792,152736,2064.00,4128.00,6192.00,4128,2064,0.00,0.00,0,0
1526830817,s1-eth1,6249792.00,152810.00,6402602.00,152810,6249792,4128.00,2065.00,6193.00,2065,4128,0.00,0.00,0,0
1526830817,s3,0.00,0.00,0.00,0,0,0.00,0.00,0.00,0,0,0.00,0.00,0,0
1526830817,s2-eth2,152736.00,6249792.00,6402528.00,6249792,152736,2064.00,4128.00,6192.00,4128,2064,0.00,0.00,0,0
1526830817,s2-eth1,6249792.00,152736.00,6402528.00,152736,6249792,4128.00,2064.00,6192.00,2064,4128,0.00,0.00,0,0
1526830817,lo,516.00,516.00,1032.00,516,516,9.00,9.00,18.00,9,9,0.00,0.00,0,0
1526830817,s3-eth2,152810.00,6249792.00,6402602.00,6249792,152810,2065.00,4128.00,6193.00,4128,2065,0.00,0.00,0,0
1526830817,s3-eth1,6249792.00,152736.00,6402528.00,152736,6249792,4128.00,2064.00,6192.00,2064,4128,0.00,0.00,0,0
1526830817,total,19208280.00,19208174.00,38416456.00,19208174,19208281,18587.00,18586.00,37173.00,18586,18587,0.00,0.00,0,0
1526830818,s1,0.00,0.00,0.00,0,0,0.00,0.00,0.00,0,0,0.00,0.00,0,0
1526830818,eth0,0.00,0.00,0.00,0,0,0.00,0.00,0.00,0,0,0.00,0.00,0,0
1526830818,eth1,70.00,0.00,70.00,0,70,1.00,0.00,1.00,0,1,0.00,0.00,0,0
1526830818,s2,0.00,0.00,0.00,0,0,0.00,0.00,0.00,0,0,0.00,0.00,0,0
1526830818,s1-eth2,152662.00,6245250.00,6397912.00,6245250,152662,2063.00,4125.00,6188.00,4125,2063,0.00,0.00,0,0
1526830818,s1-eth1,6247106.00,152662.00,6399768.00,152662,6247106,4127.00,2063.00,6190.00,2063,4127,0.00,0.00,0,0
1526830818,s3,0.00,0.00,0.00,0,0,0.00,0.00,0.00,0,0,0.00,0.00,0,0
1526830818,s2-eth2,152810.00,6249792.00,6402602.00,6249792,152810,2065.00,4128.00,6193.00,4128,2065,0.00,0.00,0,0
1526830818,s2-eth1,6248278.00,152736.00,6401014.00,152736,6248278,4127.00,2064.00,6191.00,2064,4127,0.00,0.00,0,0
1526830818,lo,0.00,0.00,0.00,0,0,0.00,0.00,0.00,0,0,0.00,0.00,0,0
1526830818,s3-eth2,152810.00,6249792.00,6402602.00,6249792,152810,2065.00,4128.00,6193.00,4128,2065,0.00,0.00,0,0
1526830818,s3-eth1,6249792.00,152810.00,6402602.00,152810,6249792,4128.00,2065.00,6193.00,2065,4128,0.00,0.00,0,0
1526830818,total,19203528.00,19203042.00,38406568.00,19203042,19203528,18576.00,18573.00,37149.00,18573,18576,0.00,0.00,0,0
1526830819,s1,0.00,0.00,0.00,0,0,0.00,0.00,0.00,0,0,0.00,0.00,0,0
1526830819,eth0,60.00,60.00,120.00,60,60,1.00,1.00,2.00,1,1,0.00,0.00,0,0
1526830819,eth1,342.00,0.00,342.00,0,342,1.00,0.00,1.00,0,1,0.00,0.00,0,0
1526830819,s2,0.00,0.00,0.00,0,0,0.00,0.00,0.00,0,0,0.00,0.00,0,0
1526830819,s1-eth2,152070.00,6225568.00,6377638.00,6225568,152070,2055.00,4112.00,6167.00,4112,2055,0.00,0.00,0,0
1526830819,s1-eth1,6221026.00,151996.00,6373022.00,151996,6221026,4109.00,2054.00,6163.00,2054,4109,0.00,0.00,0,0
1526830819,s3,0.00,0.00,0.00,0,0,0.00,0.00,0.00,0,0,0.00,0.00,0,0
1526830819,s2-eth2,151922.00,6217998.00,6369920.00,6217998,151922,2053.00,4107.00,6160.00,4107,2053,0.00,0.00,0,0
1526830819,s2-eth1,6222540.00,151996.00,6374536.00,151996,6222540,4110.00,2054.00,6164.00,2054,4110,0.00,0.00,0,0
1526830819,lo,0.00,0.00,0.00,0,0,0.00,0.00,0.00,0,0,0.00,0.00,0,0
1526830819,s3-eth2,151848.00,6219512.00,6371360.00,6219512,151848,2052.00,4108.00,6160.00,4108,2052,0.00,0.00,0,0
1526830819,s3-eth1,6217998.00,151922.00,6369920.00,151922,6217998,4107.00,2053.00,6160.00,2053,4107,0.00,0.00,0,0
1526830819,total,19117806.00,19119052.00,38236856.00,19119052,19117806,18488.00,18489.00,36977.00,18489,18488,0.00,0.00,0,0
1526830820,s1,0.00,342.00,342.00,342,0,0.00,1.00,1.00,1,0,0.00,0.00,0,0
1526830820,eth0,4524.00,2816.00,7340.00,2816,4524,11.00,12.00,23.00,12,11,0.00,0.00,0,0
1526830820,eth1,0.00,0.00,0.00,0,0,0.00,0.00,0.00,0,0,0.00,0.00,0,0
1526830820,s2,0.00,0.00,0.00,0,0,0.00,0.00,0.00,0,0,0.00,0.00,0,0
1526830820,s1-eth2,152514.00,6242564.00,6395078.00,6242564,152514,2061.00,4124.00,6185.00,4124,2061,0.00,0.00,0,0
1526830820,s1-eth1,6242564.00,152514.00,6395078.00,152514,6242564,4124.00,2061.00,6185.00,2061,4124,0.00,0.00,0,0
1526830820,s3,0.00,0.00,0.00,0,0,0.00,0.00,0.00,0,0,0.00,0.00,0,0
1526830820,s2-eth2,152514.00,6243736.00,6396250.00,6243736,152514,2061.00,4124.00,6185.00,4124,2061,0.00,0.00,0,0
1526830820,s2-eth1,6242564.00,152514.00,6395078.00,152514,6242564,4124.00,2061.00,6185.00,2061,4124,0.00,0.00,0,0
1526830820,lo,695.00,695.00,1390.00,695,695,7.00,7.00,14.00,7,7,0.00,0.00,0,0
1526830820,s3-eth2,152514.00,6243736.00,6396250.00,6243736,152514,2061.00,4124.00,6185.00,4124,2061,0.00,0.00,0,0
1526830820,s3-eth1,6243736.00,152514.00,6396250.00,152514,6243736,4124.00,2061.00,6185.00,2061,4124,0.00,0.00,0,0
1526830820,total,19191624.00,19191432.00,38383056.00,19191431,19191625,18573.00,18575.00,37148.00,18575,18573,0.00,0.00,0,0
1526830821,s1,0.00,107.00,107.00,107,0,0.00,1.00,1.00,1,0,0.00,0.00,0,0
1526830821,eth0,0.00,0.00,0.00,0,0,0.00,0.00,0.00,0,0,0.00,0.00,0,0
1526830821,eth1,0.00,0.00,0.00,0,0,0.00,0.00,0.00,0,0,0.00,0.00,0,0
1526830821,s2,0.00,449.00,449.00,449,0,0.00,2.00,2.00,2,0,0.00,0.00,0,0
1526830821,s1-eth2,153185.00,6249899.00,6403084.00,6249899,153185,2066.00,4129.00,6195.00,4129,2066,0.00,0.00,0,0
1526830821,s1-eth1,6250006.00,152810.00,6402816.00,152810,6250006,4130.00,2065.00,6195.00,2065,4130,0.00,0.00,0,0
1526830821,s3,0.00,214.00,214.00,214,0,0.00,2.00,2.00,2,0,0.00,0.00,0,0
1526830821,s2-eth2,152950.00,6249792.00,6402742.00,6249792,152950,2066.00,4128.00,6194.00,4128,2066,0.00,0.00,0,0
1526830821,s2-eth1,6249899.00,153185.00,6403084.00,153185,6249899,4129.00,2066.00,6195.00,2066,4129,0.00,0.00,0,0
1526830821,lo,1546.00,1546.00,3092.00,1546,1546,15.00,15.00,30.00,15,15,0.00,0.00,0,0
1526830821,s3-eth2,152950.00,6249792.00,6402742.00,6249792,152950,2066.00,4128.00,6194.00,4128,2066,0.00,0.00,0,0
1526830821,s3-eth1,6249792.00,152950.00,6402742.00,152950,6249792,4128.00,2066.00,6194.00,2066,4128,0.00,0.00,0,0
1526830821,total,19210328.00,19210744.00,38421072.00,19210744,19210328,18600.00,18602.00,37202.00,18602,18600,0.00,0.00,0,0
1526830822,s1,0.00,107.00,107.00,107,0,0.00,1.00,1.00,1,0,0.00,0.00,0,0
1526830822,eth0,240.00,265.00,505.00,265,240,4.00,4.00,8.00,4,4,0.00,0.00,0,0
1526830822,eth1,0.00,0.00,0.00,0,0,0.00,0.00,0.00,0,0,0.00,0.00,0,0
1526830822,s2,0.00,107.00,107.00,107,0,0.00,1.00,1.00,1,0,0.00,0.00,0,0
1526830822,s1-eth2,151774.00,6210535.00,6362309.00,6210535,151774,2051.00,4103.00,6154.00,4103,2051,0.00,0.00,0,0
1526830822,s1-eth1,6212049.00,151774.00,6363823.00,151774,6212049,4104.00,2051.00,6155.00,2051,4104,0.00,0.00,0,0
1526830822,s3,0.00,342.00,342.00,342,0,0.00,1.00,1.00,1,0,0.00,0.00,0,0
1526830822,s2-eth2,152190.00,6212049.00,6364239.00,6212049,152190,2053.00,4104.00,6157.00,4104,2053,0.00,0.00,0,0
1526830822,s2-eth1,6210535.00,151774.00,6362309.00,151774,6210535,4103.00,2051.00,6154.00,2051,4103,0.00,0.00,0,0
1526830822,lo,936.00,936.00,1872.00,936,936,9.00,9.00,18.00,9,9,0.00,0.00,0,0
1526830822,s3-eth2,152297.00,6210428.00,6362725.00,6210428,152297,2054.00,4102.00,6156.00,4102,2054,0.00,0.00,0,0
1526830822,s3-eth1,6212049.00,152190.00,6364239.00,152190,6212049,4104.00,2053.00,6157.00,2053,4104,0.00,0.00,0,0
1526830822,total,19092070.00,19090508.00,38182576.00,19090507,19092070,18482.00,18480.00,36962.00,18480,18482,0.00,0.00,0,0
1526830823,s1,0.00,0.00,0.00,0,0,0.00,0.00,0.00,0,0,0.00,0.00,0,0
1526830823,eth0,0.00,0.00,0.00,0,0,0.00,0.00,0.00,0,0,0.00,0.00,0,0
1526830823,eth1,0.00,0.00,0.00,0,0,0.00,0.00,0.00,0,0,0.00,0.00,0,0
1526830823,s2,0.00,0.00,0.00,0,0,0.00,0.00,0.00,0,0,0.00,0.00,0,0
1526830823,s1-eth2,152514.00,6239194.00,6391708.00,6239194,152514,2061.00,4121.00,6182.00,4121,2061,0.00,0.00,0,0
1526830823,s1-eth1,6239194.00,152514.00,6391708.00,152514,6239194,4121.00,2061.00,6182.00,2061,4121,0.00,0.00,0,0
1526830823,s3,0.00,0.00,0.00,0,0,0.00,0.00,0.00,0,0,0.00,0.00,0,0
1526830823,s2-eth2,152588.00,6237680.00,6390268.00,6237680,152588,2062.00,4120.00,6182.00,4120,2062,0.00,0.00,0,0
1526830823,s2-eth1,6239194.00,152514.00,6391708.00,152514,6239194,4121.00,2061.00,6182.00,2061,4121,0.00,0.00,0,0
1526830823,lo,0.00,0.00,0.00,0,0,0.00,0.00,0.00,0,0,0.00,0.00,0,0
1526830823,s3-eth2,152588.00,6239194.00,6391782.00,6239194,152588,2062.00,4121.00,6183.00,4121,2062,0.00,0.00,0,0
1526830823,s3-eth1,6237680.00,152588.00,6390268.00,152588,6237680,4120.00,2062.00,6182.00,2062,4120,0.00,0.00,0,0
1526830823,total,19173758.00,19173684.00,38347440.00,19173684,19173758,18547.00,18546.00,37093.00,18546,18547,0.00,0.00,0,0
1526830824,s1,0.00,342.00,342.00,342,0,0.00,1.00,1.00,1,0,0.00,0.00,0,0
1526830824,eth0,0.00,0.00,0.00,0,0,0.00,0.00,0.00,0,0,0.00,0.00,0,0
1526830824,eth1,0.00,0.00,0.00,0,0,0.00,0.00,0.00,0,0,0.00,0.00,0,0
1526830824,s2,0.00,342.00,342.00,342,0,0.00,1.00,1.00,1,0,0.00,0.00,0,0
1526830824,s1-eth2,152736.00,6250134.00,6402870.00,6250134,152736,2064.00,4129.00,6193.00,4129,2064,0.00,0.00,0,0
1526830824,s1-eth1,6250134.00,152736.00,6402870.00,152736,6250134,4129.00,2064.00,6193.00,2064,4129,0.00,0.00,0,0
1526830824,s3,0.00,342.00,342.00,342,0,0.00,1.00,1.00,1,0,0.00,0.00,0,0
1526830824,s2-eth2,152930.00,6250134.00,6403064.00,6250134,152930,2063.00,4129.00,6192.00,4129,2063,0.00,0.00,0,0
1526830824,s2-eth1,6250134.00,152736.00,6402870.00,152736,6250134,4129.00,2064.00,6193.00,2064,4129,0.00,0.00,0,0
1526830824,lo,978.00,978.00,1956.00,978,978,9.00,9.00,18.00,9,9,0.00,0.00,0,0
1526830824,s3-eth2,153004.00,6249792.00,6402796.00,6249792,153004,2064.00,4128.00,6192.00,4128,2064,0.00,0.00,0,0
1526830824,s3-eth1,6250134.00,152930.00,6403064.00,152930,6250134,4129.00,2063.00,6192.00,2063,4129,0.00,0.00,0,0
1526830824,total,19210050.00,19210466.00,38420516.00,19210466,19210050,18587.00,18589.00,37176.00,18589,18587,0.00,0.00,0,0
1526830825,s1,0.00,0.00,0.00,0,0,0.00,0.00,0.00,0,0,0.00,0.00,0,0
1526830825,eth0,0.00,0.00,0.00,0,0,0.00,0.00,0.00,0,0,0.00,0.00,0,0
1526830825,eth1,107.00,0.00,107.00,0,107,1.00,0.00,1.00,0,1,0.00,0.00,0,0
1526830825,s2,0.00,0.00,0.00,0,0,0.00,0.00,0.00,0,0,0.00,0.00,0,0
1526830825,s1-eth2,152736.00,6251306.00,6404042.00,6251306,152736,2064.00,4129.00,6193.00,4129,2064,0.00,0.00,0,0
1526830825,s1-eth1,6251306.00,152736.00,6404042.00,152736,6251306,4129.00,2064.00,6193.00,2064,4129,0.00,0.00,0,0
1526830825,s3,0.00,0.00,0.00,0,0,0.00,0.00,0.00,0,0,0.00,0.00,0,0
1526830825,s2-eth2,152810.00,6251306.00,6404116.00,6251306,152810,2065.00,4129.00,6194.00,4129,2065,0.00,0.00,0,0
1526830825,s2-eth1,6251306.00,152736.00,6404042.00,152736,6251306,4129.00,2064.00,6193.00,2064,4129,0.00,0.00,0,0
1526830825,lo,0.00,0.00,0.00,0,0,0.00,0.00,0.00,0,0,0.00,0.00,0,0
1526830825,s3-eth2,152736.00,6251306.00,6404042.00,6251306,152736,2064.00,4129.00,6193.00,4129,2064,0.00,0.00,0,0
1526830825,s3-eth1,6251306.00,152810.00,6404116.00,152810,6251306,4129.00,2065.00,6194.00,2065,4129,0.00,0.00,0,0
1526830825,total,19212308.00,19212200.00,38424508.00,19212200,19212307,18581.00,18580.00,37161.00,18580,18581,0.00,0.00,0,0
1526830826,s1,0.00,0.00,0.00,0,0,0.00,0.00,0.00,0,0,0.00,0.00,0,0
1526830826,eth0,0.00,0.00,0.00,0,0,0.00,0.00,0.00,0,0,0.00,0.00,0,0
1526830826,eth1,0.00,0.00,0.00,0,0,0.00,0.00,0.00,0,0,0.00,0.00,0,0
1526830826,s2,0.00,0.00,0.00,0,0,0.00,0.00,0.00,0,0,0.00,0.00,0,0
1526830826,s1-eth2,152810.00,6251306.00,6404116.00,6251306,152810,2065.00,4129.00,6194.00,4129,2065,0.00,0.00,0,0
1526830826,s1-eth1,6251306.00,152810.00,6404116.00,152810,6251306,4129.00,2065.00,6194.00,2065,4129,0.00,0.00,0,0
1526830826,s3,0.00,0.00,0.00,0,0,0.00,0.00,0.00,0,0,0.00,0.00,0,0
1526830826,s2-eth2,152736.00,6251306.00,6404042.00,6251306,152736,2064.00,4129.00,6193.00,4129,2064,0.00,0.00,0,0
1526830826,s2-eth1,6251306.00,152810.00,6404116.00,152810,6251306,4129.00,2065.00,6194.00,2065,4129,0.00,0.00,0,0
1526830826,lo,0.00,0.00,0.00,0,0,0.00,0.00,0.00,0,0,0.00,0.00,0,0
1526830826,s3-eth2,152810.00,6251306.00,6404116.00,6251306,152810,2065.00,4129.00,6194.00,4129,2065,0.00,0.00,0,0
1526830826,s3-eth1,6251306.00,152736.00,6404042.00,152736,6251306,4129.00,2064.00,6193.00,2064,4129,0.00,0.00,0,0
1526830826,total,19212274.00,19212274.00,38424548.00,19212274,19212274,18581.00,18581.00,37162.00,18581,18581,0.00,0.00,0,0
1526830827,s1,0.00,0.00,0.00,0,0,0.00,0.00,0.00,0,0,0.00,0.00,0,0
1526830827,eth0,0.00,0.00,0.00,0,0,0.00,0.00,0.00,0,0,0.00,0.00,0,0
1526830827,eth1,0.00,0.00,0.00,0,0,0.00,0.00,0.00,0,0,0.00,0.00,0,0
1526830827,s2,0.00,0.00,0.00,0,0,0.00,0.00,0.00,0,0,0.00,0.00,0,0
1526830827,s1-eth2,151552.00,6201344.00,6352896.00,6201344,151552,2048.00,4096.00,6144.00,4096,2048,0.00,0.00,0,0
1526830827,s1-eth1,6199830.00,151478.00,6351308.00,151478,6199830,4095.00,2047.00,6142.00,2047,4095,0.00,0.00,0,0
1526830827,s3,0.00,0.00,0.00,0,0,0.00,0.00,0.00,0,0,0.00,0.00,0,0
1526830827,s2-eth2,151552.00,6202858.00,6354410.00,6202858,151552,2048.00,4097.00,6145.00,4097,2048,0.00,0.00,0,0
1526830827,s2-eth1,6201344.00,151552.00,6352896.00,151552,6201344,4096.00,2048.00,6144.00,2048,4096,0.00,0.00,0,0
1526830827,lo,0.00,0.00,0.00,0,0,0.00,0.00,0.00,0,0,0.00,0.00,0,0
1526830827,s3-eth2,151478.00,6204372.00,6355850.00,6204372,151478,2047.00,4098.00,6145.00,4098,2047,0.00,0.00,0,0
1526830827,s3-eth1,6202858.00,151552.00,6354410.00,151552,6202858,4097.00,2048.00,6145.00,2048,4097,0.00,0.00,0,0
1526830827,total,19058614.00,19063156.00,38121768.00,19063156,19058614,18431.00,18434.00,36865.00,18434,18431,0.00,0.00,0,0
1526830828,s1,0.00,0.00,0.00,0,0,0.00,0.00,0.00,0,0,0.00,0.00,0,0
1526830828,eth0,0.00,0.00,0.00,0,0,0.00,0.00,0.00,0,0,0.00,0.00,0,0
1526830828,eth1,0.00,86.00,86.00,86,0,0.00,1.00,1.00,1,0,0.00,0.00,0,0
1526830828,s2,0.00,0.00,0.00,0,0,0.00,0.00,0.00,0,0,0.00,0.00,0,0
1526830828,s1-eth2,152514.00,6242222.00,6394736.00,6242222,152514,2061.00,4123.00,6184.00,4123,2061,0.00,0.00,0,0
1526830828,s1-eth1,6242222.00,152588.00,6394810.00,152588,6242222,4123.00,2062.00,6185.00,2062,4123,0.00,0.00,0,0
1526830828,s3,0.00,0.00,0.00,0,0,0.00,0.00,0.00,0,0,0.00,0.00,0,0
1526830828,s2-eth2,152662.00,6243736.00,6396398.00,6243736,152662,2063.00,4124.00,6187.00,4124,2063,0.00,0.00,0,0
1526830828,s2-eth1,6242222.00,152514.00,6394736.00,152514,6242222,4123.00,2061.00,6184.00,2061,4123,0.00,0.00,0,0
1526830828,lo,172.00,172.00,344.00,172,172,3.00,3.00,6.00,3,3,0.00,0.00,0,0
1526830828,s3-eth2,152662.00,6243736.00,6396398.00,6243736,152662,2063.00,4124.00,6187.00,4124,2063,0.00,0.00,0,0
1526830828,s3-eth1,6243736.00,152662.00,6396398.00,152662,6243736,4124.00,2063.00,6187.00,2063,4124,0.00,0.00,0,0
1526830828,total,19186190.00,19187716.00,38373904.00,19187716,19186190,18560.00,18561.00,37121.00,18561,18560,0.00,0.00,0,0
1526830829,s1,0.00,0.00,0.00,0,0,0.00,0.00,0.00,0,0,0.00,0.00,0,0
1526830829,eth0,0.00,0.00,0.00,0,0,0.00,0.00,0.00,0,0,0.00,0.00,0,0
1526830829,eth1,342.00,0.00,342.00,0,342,1.00,0.00,1.00,0,1,0.00,0.00,0,0
1526830829,s2,0.00,0.00,0.00,0,0,0.00,0.00,0.00,0,0,0.00,0.00,0,0
1526830829,s1-eth2,151922.00,6217998.00,6369920.00,6217998,151922,2053.00,4107.00,6160.00,4107,2053,0.00,0.00,0,0
1526830829,s1-eth1,6217998.00,151922.00,6369920.00,151922,6217998,4107.00,2053.00,6160.00,2053,4107,0.00,0.00,0,0
1526830829,s3,0.00,0.00,0.00,0,0,0.00,0.00,0.00,0,0,0.00,0.00,0,0
1526830829,s2-eth2,151848.00,6217998.00,6369846.00,6217998,151848,2052.00,4107.00,6159.00,4107,2052,0.00,0.00,0,0
1526830829,s2-eth1,6217998.00,151922.00,6369920.00,151922,6217998,4107.00,2053.00,6160.00,2053,4107,0.00,0.00,0,0
1526830829,lo,344.00,344.00,688.00,344,344,6.00,6.00,12.00,6,6,0.00,0.00,0,0
1526830829,s3-eth2,151848.00,6217998.00,6369846.00,6217998,151848,2052.00,4107.00,6159.00,4107,2052,0.00,0.00,0,0
1526830829,s3-eth1,6217998.00,151848.00,6369846.00,151848,6217998,4107.00,2052.00,6159.00,2052,4107,0.00,0.00,0,0
1526830829,total,19110298.00,19110030.00,38220328.00,19110030,19110298,18485.00,18485.00,36970.00,18485,18485,0.00,0.00,0,0
1526830830,s1,0.00,0.00,0.00,0,0,0.00,0.00,0.00,0,0,0.00,0.00,0,0
1526830830,eth0,1897.00,1915.00,3812.00,1915,1897,13.00,15.00,28.00,15,13,0.00,0.00,0,0
1526830830,eth1,0.00,0.00,0.00,0,0,0.00,0.00,0.00,0,0,0.00,0.00,0,0
1526830830,s2,0.00,0.00,0.00,0,0,0.00,0.00,0.00,0,0,0.00,0.00,0,0
1526830830,s1-eth2,152662.00,6246764.00,6399426.00,6246764,152662,2063.00,4126.00,6189.00,4126,2063,0.00,0.00,0,0
1526830830,s1-eth1,6246764.00,152662.00,6399426.00,152662,6246764,4126.00,2063.00,6189.00,2063,4126,0.00,0.00,0,0
1526830830,s3,0.00,0.00,0.00,0,0,0.00,0.00,0.00,0,0,0.00,0.00,0,0
1526830830,s2-eth2,152662.00,6246764.00,6399426.00,6246764,152662,2063.00,4126.00,6189.00,4126,2063,0.00,0.00,0,0
1526830830,s2-eth1,6246764.00,152662.00,6399426.00,152662,6246764,4126.00,2063.00,6189.00,2063,4126,0.00,0.00,0,0
1526830830,lo,1160.00,1160.00,2320.00,1160,1160,10.00,10.00,20.00,10,10,0.00,0.00,0,0
1526830830,s3-eth2,152662.00,6246764.00,6399426.00,6246764,152662,2063.00,4126.00,6189.00,4126,2063,0.00,0.00,0,0
1526830830,s3-eth1,6246764.00,152662.00,6399426.00,152662,6246764,4126.00,2063.00,6189.00,2063,4126,0.00,0.00,0,0
1526830830,total,19201336.00,19201352.00,38402688.00,19201353,19201335,18590.00,18592.00,37182.00,18592,18590,0.00,0.00,0,0
1526830831,s1,0.00,0.00,0.00,0,0,0.00,0.00,0.00,0,0,0.00,0.00,0,0
1526830831,eth0,0.00,0.00,0.00,0,0,0.00,0.00,0.00,0,0,0.00,0.00,0,0
1526830831,eth1,0.00,0.00,0.00,0,0,0.00,0.00,0.00,0,0,0.00,0.00,0,0
1526830831,s2,0.00,0.00,0.00,0,0,0.00,0.00,0.00,0,0,0.00,0.00,0,0
1526830831,s1-eth2,152810.00,6251306.00,6404116.00,6251306,152810,2065.00,4129.00,6194.00,4129,2065,0.00,0.00,0,0
1526830831,s1-eth1,6251306.00,152736.00,6404042.00,152736,6251306,4129.00,2064.00,6193.00,2064,4129,0.00,0.00,0,0
1526830831,s3,0.00,0.00,0.00,0,0,0.00,0.00,0.00,0,0,0.00,0.00,0,0
1526830831,s2-eth2,152736.00,6251306.00,6404042.00,6251306,152736,2064.00,4129.00,6193.00,4129,2064,0.00,0.00,0,0
1526830831,s2-eth1,6251306.00,152810.00,6404116.00,152810,6251306,4129.00,2065.00,6194.00,2065,4129,0.00,0.00,0,0
1526830831,lo,0.00,0.00,0.00,0,0,0.00,0.00,0.00,0,0,0.00,0.00,0,0
1526830831,s3-eth2,152736.00,6251306.00,6404042.00,6251306,152736,2064.00,4129.00,6193.00,4129,2064,0.00,0.00,0,0
1526830831,s3-eth1,6251306.00,152736.00,6404042.00,152736,6251306,4129.00,2064.00,6193.00,2064,4129,0.00,0.00,0,0
1526830831,total,19212200.00,19212200.00,38424400.00,19212200,19212200,18580.00,18580.00,37160.00,18580,18580,0.00,0.00,0,0
1526830832,s1,0.00,0.00,0.00,0,0,0.00,0.00,0.00,0,0,0.00,0.00,0,0
1526830832,eth0,0.00,0.00,0.00,0,0,0.00,0.00,0.00,0,0,0.00,0.00,0,0
1526830832,eth1,0.00,0.00,0.00,0,0,0.00,0.00,0.00,0,0,0.00,0.00,0,0
1526830832,s2,0.00,0.00,0.00,0,0,0.00,0.00,0.00,0,0,0.00,0.00,0,0
1526830832,s1-eth2,151848.00,6213456.00,6365304.00,6213456,151848,2052.00,4104.00,6156.00,4104,2052,0.00,0.00,0,0
1526830832,s1-eth1,6213456.00,151922.00,6365378.00,151922,6213456,4104.00,2053.00,6157.00,2053,4104,0.00,0.00,0,0
1526830832,s3,0.00,0.00,0.00,0,0,0.00,0.00,0.00,0,0,0.00,0.00,0,0
1526830832,s2-eth2,151848.00,6210428.00,6362276.00,6210428,151848,2052.00,4102.00,6154.00,4102,2052,0.00,0.00,0,0
1526830832,s2-eth1,6213456.00,151848.00,6365304.00,151848,6213456,4104.00,2052.00,6156.00,2052,4104,0.00,0.00,0,0
1526830832,lo,0.00,0.00,0.00,0,0,0.00,0.00,0.00,0,0,0.00,0.00,0,0
1526830832,s3-eth2,151922.00,6211942.00,6363864.00,6211942,151922,2053.00,4103.00,6156.00,4103,2053,0.00,0.00,0,0
1526830832,s3-eth1,6210428.00,151848.00,6362276.00,151848,6210428,4102.00,2052.00,6154.00,2052,4102,0.00,0.00,0,0
1526830832,total,19092958.00,19091444.00,38184400.00,19091444,19092958,18467.00,18466.00,36933.00,18466,18467,0.00,0.00,0,0
1526830833,s1,0.00,0.00,0.00,0,0,0.00,0.00,0.00,0,0,0.00,0.00,0,0
1526830833,eth0,0.00,0.00,0.00,0,0,0.00,0.00,0.00,0,0,0.00,0.00,0,0
1526830833,eth1,0.00,0.00,0.00,0,0,0.00,0.00,0.00,0,0,0.00,0.00,0,0
1526830833,s2,0.00,342.00,342.00,342,0,0.00,1.00,1.00,1,0,0.00,0.00,0,0
1526830833,s1-eth2,153004.00,6246764.00,6399768.00,6246764,153004,2064.00,4126.00,6190.00,4126,2064,0.00,0.00,0,0
1526830833,s1-eth1,6246764.00,152588.00,6399352.00,152588,6246764,4126.00,2062.00,6188.00,2062,4126,0.00,0.00,0,0
1526830833,s3,0.00,342.00,342.00,342,0,0.00,1.00,1.00,1,0,0.00,0.00,0,0
1526830833,s2-eth2,153078.00,6246764.00,6399842.00,6246764,153078,2065.00,4126.00,6191.00,4126,2065,0.00,0.00,0,0
1526830833,s2-eth1,6246764.00,153004.00,6399768.00,153004,6246764,4126.00,2064.00,6190.00,2064,4126,0.00,0.00,0,0
1526830833,lo,652.00,652.00,1304.00,652,652,6.00,6.00,12.00,6,6,0.00,0.00,0,0
1526830833,s3-eth2,153078.00,6246764.00,6399842.00,6246764,153078,2065.00,4126.00,6191.00,4126,2065,0.00,0.00,0,0
1526830833,s3-eth1,6246764.00,153078.00,6399842.00,153078,6246764,4126.00,2065.00,6191.00,2065,4126,0.00,0.00,0,0
1526830833,total,19200104.00,19200298.00,38400400.00,19200298,19200104,18578.00,18577.00,37155.00,18577,18578,0.00,0.00,0,0
1526830834,s1,0.00,0.00,0.00,0,0,0.00,0.00,0.00,0,0,0.00,0.00,0,0
1526830834,eth0,0.00,0.00,0.00,0,0,0.00,0.00,0.00,0,0,0.00,0.00,0,0
1526830834,eth1,0.00,0.00,0.00,0,0,0.00,0.00,0.00,0,0,0.00,0.00,0,0
1526830834,s2,0.00,0.00,0.00,0,0,0.00,0.00,0.00,0,0,0.00,0.00,0,0
1526830834,s1-eth2,152736.00,6251306.00,6404042.00,6251306,152736,2064.00,4129.00,6193.00,4129,2064,0.00,0.00,0,0
1526830834,s1-eth1,6251306.00,152810.00,6404116.00,152810,6251306,4129.00,2065.00,6194.00,2065,4129,0.00,0.00,0,0
1526830834,s3,0.00,0.00,0.00,0,0,0.00,0.00,0.00,0,0,0.00,0.00,0,0
1526830834,s2-eth2,152736.00,6251306.00,6404042.00,6251306,152736,2064.00,4129.00,6193.00,4129,2064,0.00,0.00,0,0
1526830834,s2-eth1,6251306.00,152736.00,6404042.00,152736,6251306,4129.00,2064.00,6193.00,2064,4129,0.00,0.00,0,0
1526830834,lo,172.00,172.00,344.00,172,172,3.00,3.00,6.00,3,3,0.00,0.00,0,0
1526830834,s3-eth2,152662.00,6251306.00,6403968.00,6251306,152662,2063.00,4129.00,6192.00,4129,2063,0.00,0.00,0,0
1526830834,s3-eth1,6251306.00,152736.00,6404042.00,152736,6251306,4129.00,2064.00,6193.00,2064,4129,0.00,0.00,0,0
1526830834,total,19212224.00,19212372.00,38424596.00,19212372,19212224,18581.00,18583.00,37164.00,18583,18581,0.00,0.00,0,0
1526830835,s1,0.00,0.00,0.00,0,0,0.00,0.00,0.00,0,0,0.00,0.00,0,0
1526830835,eth0,0.00,0.00,0.00,0,0,0.00,0.00,0.00,0,0,0.00,0.00,0,0
1526830835,eth1,0.00,0.00,0.00,0,0,0.00,0.00,0.00,0,0,0.00,0.00,0,0
1526830835,s2,0.00,0.00,0.00,0,0,0.00,0.00,0.00,0,0,0.00,0.00,0,0
1526830835,s1-eth2,150632.00,6160508.00,6311140.00,6160508,150632,2036.00,4070.00,6106.00,4070,2036,0.00,0.00,0,0
1526830835,s1-eth1,6162022.00,150558.00,6312580.00,150558,6162022,4071.00,2035.00,6106.00,2035,4071,0.00,0.00,0,0
1526830835,s3,0.00,0.00,0.00,0,0,0.00,0.00,0.00,0,0,0.00,0.00,0,0
1526830835,s2-eth2,150632.00,6158994.00,6309626.00,6158994,150632,2036.00,4069.00,6105.00,4069,2036,0.00,0.00,0,0
1526830835,s2-eth1,6160508.00,150632.00,6311140.00,150632,6160508,4070.00,2036.00,6106.00,2036,4070,0.00,0.00,0,0
1526830835,lo,0.00,0.00,0.00,0,0,0.00,0.00,0.00,0,0,0.00,0.00,0,0
1526830835,s3-eth2,150632.00,6160508.00,6311140.00,6160508,150632,2036.00,4070.00,6106.00,4070,2036,0.00,0.00,0,0
1526830835,s3-eth1,6158994.00,150632.00,6309626.00,150632,6158994,4069.00,2036.00,6105.00,2036,4069,0.00,0.00,0,0
1526830835,total,18933420.00,18931832.00,37865252.00,18931832,18933420,18318.00,18316.00,36634.00,18316,18318,0.00,0.00,0,0
1526830836,s1,0.00,0.00,0.00,0,0,0.00,0.00,0.00,0,0,0.00,0.00,0,0
1526830836,eth0,0.00,0.00,0.00,0,0,0.00,0.00,0.00,0,0,0.00,0.00,0,0
1526830836,eth1,0.00,0.00,0.00,0,0,0.00,0.00,0.00,0,0,0.00,0.00,0,0
1526830836,s2,0.00,0.00,0.00,0,0,0.00,0.00,0.00,0,0,0.00,0.00,0,0
1526830836,s1-eth2,152810.00,6249792.00,6402602.00,6249792,152810,2065.00,4128.00,6193.00,4128,2065,0.00,0.00,0,0
1526830836,s1-eth1,6251306.00,152884.00,6404190.00,152884,6251306,4129.00,2066.00,6195.00,2066,4129,0.00,0.00,0,0
1526830836,s3,0.00,0.00,0.00,0,0,0.00,0.00,0.00,0,0,0.00,0.00,0,0
1526830836,s2-eth2,152736.00,6251306.00,6404042.00,6251306,152736,2064.00,4129.00,6193.00,4129,2064,0.00,0.00,0,0
1526830836,s2-eth1,6251306.00,152810.00,6404116.00,152810,6251306,4129.00,2065.00,6194.00,2065,4129,0.00,0.00,0,0
1526830836,lo,0.00,0.00,0.00,0,0,0.00,0.00,0.00,0,0,0.00,0.00,0,0
1526830836,s3-eth2,152810.00,6251306.00,6404116.00,6251306,152810,2065.00,4129.00,6194.00,4129,2065,0.00,0.00,0,0
1526830836,s3-eth1,6251306.00,152736.00,6404042.00,152736,6251306,4129.00,2064.00,6193.00,2064,4129,0.00,0.00,0,0
1526830836,total,19212274.00,19210834.00,38423108.00,19210834,19212274,18581.00,18581.00,37162.00,18581,18581,0.00,0.00,0,0
1526830837,s1,0.00,0.00,0.00,0,0,0.00,0.00,0.00,0,0,0.00,0.00,0,0
1526830837,eth0,0.00,0.00,0.00,0,0,0.00,0.00,0.00,0,0,0.00,0.00,0,0
1526830837,eth1,0.00,0.00,0.00,0,0,0.00,0.00,0.00,0,0,0.00,0.00,0,0
1526830837,s2,0.00,0.00,0.00,0,0,0.00,0.00,0.00,0,0,0.00,0.00,0,0
1526830837,s1-eth2,151848.00,6213456.00,6365304.00,6213456,151848,2052.00,4104.00,6156.00,4104,2052,0.00,0.00,0,0
1526830837,s1-eth1,6213456.00,151848.00,6365304.00,151848,6213456,4104.00,2052.00,6156.00,2052,4104,0.00,0.00,0,0
1526830837,s3,0.00,0.00,0.00,0,0,0.00,0.00,0.00,0,0,0.00,0.00,0,0
1526830837,s2-eth2,151848.00,6213456.00,6365304.00,6213456,151848,2052.00,4104.00,6156.00,4104,2052,0.00,0.00,0,0
1526830837,s2-eth1,6211942.00,151848.00,6363790.00,151848,6211942,4103.00,2052.00,6155.00,2052,4103,0.00,0.00,0,0
1526830837,lo,344.00,344.00,688.00,344,344,6.00,6.00,12.00,6,6,0.00,0.00,0,0
1526830837,s3-eth2,151848.00,6214970.00,6366818.00,6214970,151848,2052.00,4105.00,6157.00,4105,2052,0.00,0.00,0,0
1526830837,s3-eth1,6213456.00,151848.00,6365304.00,151848,6213456,4104.00,2052.00,6156.00,2052,4104,0.00,0.00,0,0
1526830837,total,19094742.00,19097770.00,38192512.00,19097770,19094742,18473.00,18475.00,36948.00,18475,18473,0.00,0.00,0,0
1526830838,s1,0.00,982.00,982.00,982,0,0.00,5.00,5.00,5,0,0.00,0.00,0,0
1526830838,eth0,93.00,60.00,153.00,60,93,1.00,1.00,2.00,1,1,0.00,0.00,0,0
1526830838,eth1,0.00,0.00,0.00,0,0,0.00,0.00,0.00,0,0,0.00,0.00,0,0
1526830838,s2,0.00,982.00,982.00,982,0,0.00,5.00,5.00,5,0,0.00,0.00,0,0
1526830838,s1-eth2,145566.00,5943432.00,6088998.00,5943432,145566,1963.00,3930.00,5893.00,3930,1963,0.00,0.00,0,0
1526830838,s1-eth1,5940856.00,145114.00,6085970.00,145114,5940856,3930.00,1961.00,5891.00,1961,3930,0.00,0.00,0,0
1526830838,s3,0.00,904.00,904.00,904,0,0.00,4.00,4.00,4,0,0.00,0.00,0,0
1526830838,s2-eth2,146018.00,5946008.00,6092026.00,5946008,146018,1965.00,3930.00,5895.00,3930,1965,0.00,0.00,0,0
1526830838,s2-eth1,5943432.00,145566.00,6088998.00,145566,5943432,3930.00,1963.00,5893.00,1963,3930,0.00,0.00,0,0
1526830838,lo,4304.00,4304.00,8608.00,4304,4304,41.00,41.00,82.00,41,41,0.00,0.00,0,0
1526830838,s3-eth2,146018.00,5937908.00,6083926.00,5937908,146018,1965.00,3922.00,5887.00,3922,1965,0.00,0.00,0,0
1526830838,s3-eth1,5946008.00,146018.00,6092026.00,146018,5946008,3930.00,1965.00,5895.00,1965,3930,0.00,0.00,0,0
1526830838,total,18272296.00,18271278.00,36543572.00,18271278,18272295,17725.00,17727.00,35452.00,17727,17725,0.00,0.00,0,0
1526830839,s1,0.00,1187.00,1187.00,1187,0,0.00,9.00,9.00,9,0,0.00,0.00,0,0
1526830839,eth0,0.00,0.00,0.00,0,0,0.00,0.00,0.00,0,0,0.00,0.00,0,0
1526830839,eth1,0.00,0.00,0.00,0,0,0.00,0.00,0.00,0,0,0.00,0.00,0,0
1526830839,s2,0.00,1187.00,1187.00,1187,0,0.00,9.00,9.00,9,0,0.00,0.00,0,0
1526830839,s1-eth2,151740.00,6197989.00,6349729.00,6197989,151740,2050.00,4102.00,6152.00,4102,2050,0.00,0.00,0,0
1526830839,s1-eth1,6201205.00,151478.00,6352683.00,151478,6201205,4106.00,2047.00,6153.00,2047,4106,0.00,0.00,0,0
1526830839,s3,0.00,376.00,376.00,376,0,0.00,4.00,4.00,4,0,0.00,0.00,0,0
1526830839,s2-eth2,151928.00,6197801.00,6349729.00,6197801,151928,2052.00,4100.00,6152.00,4100,2052,0.00,0.00,0,0
1526830839,s2-eth1,6197989.00,151740.00,6349729.00,151740,6197989,4102.00,2050.00,6152.00,2050,4102,0.00,0.00,0,0
1526830839,lo,6294.00,6294.00,12588.00,6294,6294,61.00,61.00,122.00,61,61,0.00,0.00,0,0
1526830839,s3-eth2,152002.00,6198316.00,6350318.00,6198316,152002,2053.00,4094.00,6147.00,4094,2053,0.00,0.00,0,0
1526830839,s3-eth1,6197801.00,151928.00,6349729.00,151928,6197801,4100.00,2052.00,6152.00,2052,4100,0.00,0.00,0,0
1526830839,total,19058960.00,19058296.00,38117256.00,19058296,19058959,18524.00,18528.00,37052.00,18528,18524,0.00,0.00,0,0
1526830840,s1,0.00,3528.00,3528.00,3528,0,0.00,18.00,18.00,18,0,0.00,0.00,0,0
1526830840,eth0,60.00,60.00,120.00,60,60,1.00,1.00,2.00,1,1,0.00,0.00,0,0
1526830840,eth1,0.00,0.00,0.00,0,0,0.00,0.00,0.00,0,0,0.00,0.00,0,0
1526830840,s2,0.00,2766.00,2766.00,2766,0,0.00,15.00,15.00,15,0,0.00,0.00,0,0
1526830840,s1-eth2,153562.00,6233638.00,6387200.00,6233638,153562,2065.00,4133.00,6198.00,4133,2065,0.00,0.00,0,0
1526830840,s1-eth1,6234872.00,152292.00,6387164.00,152292,6234872,4140.00,2058.00,6198.00,2058,4140,0.00,0.00,0,0
1526830840,s3,0.00,2578.00,2578.00,2578,0,0.00,15.00,15.00,15,0,0.00,0.00,0,0
1526830840,s2-eth2,154870.00,6234560.00,6389430.00,6234560,154870,2073.00,4124.00,6197.00,4124,2073,0.00,0.00,0,0
1526830840,s2-eth1,6233638.00,153562.00,6387200.00,153562,6233638,4133.00,2065.00,6198.00,2065,4133,0.00,0.00,0,0
1526830840,lo,13950.00,13950.00,27900.00,13950,13950,128.00,128.00,256.00,128,128,0.00,0.00,0,0
1526830840,s3-eth2,154722.00,6236166.00,6390888.00,6236166,154722,2071.00,4119.00,6190.00,4119,2071,0.00,0.00,0,0
1526830840,s3-eth1,6234560.00,154870.00,6389430.00,154870,6234560,4124.00,2073.00,6197.00,2073,4124,0.00,0.00,0,0
1526830840,total,19180234.00,19187970.00,38368204.00,19187970,19180234,18735.00,18749.00,37484.00,18749,18735,0.00,0.00,0,0
1526830841,s1,0.00,1150.00,1150.00,1150,0,0.00,5.00,5.00,5,0,0.00,0.00,0,0
1526830841,eth0,0.00,0.00,0.00,0,0,0.00,0.00,0.00,0,0,0.00,0.00,0,0
1526830841,eth1,107.00,0.00,107.00,0,107,1.00,0.00,1.00,0,1,0.00,0.00,0,0
1526830841,s2,0.00,1912.00,1912.00,1912,0,0.00,8.00,8.00,8,0,0.00,0.00,0,0
1526830841,s1-eth2,153570.00,6238830.00,6392400.00,6238830,153570,2066.00,4125.00,6191.00,4125,2066,0.00,0.00,0,0
1526830841,s1-eth1,6240338.00,152440.00,6392778.00,152440,6240338,4132.00,2060.00,6192.00,2060,4132,0.00,0.00,0,0
1526830841,s3,0.00,2564.00,2564.00,2564,0,0.00,12.00,12.00,12,0,0.00,0.00,0,0
1526830841,s2-eth2,155004.00,6240050.00,6395054.00,6240050,155004,2072.00,4124.00,6196.00,4124,2072,0.00,0.00,0,0
1526830841,s2-eth1,6238830.00,153570.00,6392400.00,153570,6238830,4125.00,2066.00,6191.00,2066,4125,0.00,0.00,0,0
1526830841,lo,7882.00,7882.00,15764.00,7882,7882,74.00,74.00,148.00,74,74,0.00,0.00,0,0
1526830841,s3-eth2,155078.00,6237680.00,6392758.00,6237680,155078,2073.00,4120.00,6193.00,4120,2073,0.00,0.00,0,0
1526830841,s3-eth1,6240050.00,155004.00,6395054.00,155004,6240050,4124.00,2072.00,6196.00,2072,4124,0.00,0.00,0,0
1526830841,total,19190860.00,19191082.00,38381940.00,19191082,19190859,18667.00,18666.00,37333.00,18666,18667,0.00,0.00,0,0
1526830842,s1,0.00,776.00,776.00,776,0,0.00,3.00,3.00,3,0,0.00,0.00,0,0
1526830842,eth0,0.00,0.00,0.00,0,0,0.00,0.00,0.00,0,0,0.00,0.00,0,0
1526830842,eth1,0.00,0.00,0.00,0,0,0.00,0.00,0.00,0,0,0.00,0.00,0,0
1526830842,s2,0.00,776.00,776.00,776,0,0.00,3.00,3.00,3,0,0.00,0.00,0,0
1526830842,s1-eth2,152295.00,6208176.00,6360471.00,6208176,152295,2051.00,4103.00,6154.00,4103,2051,0.00,0.00,0,0
1526830842,s1-eth1,6206989.00,151700.00,6358689.00,151700,6206989,4103.00,2050.00,6153.00,2050,4103,0.00,0.00,0,0
1526830842,s3,0.00,996.00,996.00,996,0,0.00,3.00,3.00,3,0,0.00,0.00,0,0
1526830842,s2-eth2,152622.00,6204479.00,6357101.00,6204479,152622,2052.00,4099.00,6151.00,4099,2052,0.00,0.00,0,0
1526830842,s2-eth1,6208176.00,152295.00,6360471.00,152295,6208176,4103.00,2051.00,6154.00,2051,4103,0.00,0.00,0,0
1526830842,lo,2892.00,2892.00,5784.00,2892,2892,27.00,27.00,54.00,27,27,0.00,0.00,0,0
1526830842,s3-eth2,152622.00,6201344.00,6353966.00,6201344,152622,2052.00,4096.00,6148.00,4096,2052,0.00,0.00,0,0
1526830842,s3-eth1,6204479.00,152622.00,6357101.00,152622,6204479,4099.00,2052.00,6151.00,2052,4099,0.00,0.00,0,0
1526830842,total,19080076.00,19076056.00,38156132.00,19076056,19080075,18487.00,18487.00,36974.00,18487,18487,0.00,0.00,0,0
1526830843,s1,0.00,1038.00,1038.00,1038,0,0.00,5.00,5.00,5,0,0.00,0.00,0,0
1526830843,eth0,0.00,0.00,0.00,0,0,0.00,0.00,0.00,0,0,0.00,0.00,0,0
1526830843,eth1,342.00,0.00,342.00,0,342,1.00,0.00,1.00,0,1,0.00,0.00,0,0
1526830843,s2,0.00,1038.00,1038.00,1038,0,0.00,5.00,5.00,5,0,0.00,0.00,0,0
1526830843,s1-eth2,153036.00,6246288.00,6399324.00,6246288,153036,2065.00,4130.00,6195.00,4130,2065,0.00,0.00,0,0
1526830843,s1-eth1,6248176.00,152588.00,6400764.00,152588,6248176,4133.00,2062.00,6195.00,2062,4133,0.00,0.00,0,0
1526830843,s3,0.00,748.00,748.00,748,0,0.00,4.00,4.00,4,0,0.00,0.00,0,0
1526830843,s2-eth2,153410.00,6247428.00,6400838.00,6247428,153410,2067.00,4129.00,6196.00,4129,2067,0.00,0.00,0,0
1526830843,s2-eth1,6246288.00,153036.00,6399324.00,153036,6246288,4130.00,2065.00,6195.00,2065,4130,0.00,0.00,0,0
1526830843,lo,4364.00,4364.00,8728.00,4364,4364,42.00,42.00,84.00,42,42,0.00,0.00,0,0
1526830843,s3-eth2,153410.00,6248278.00,6401688.00,6248278,153410,2067.00,4127.00,6194.00,4127,2067,0.00,0.00,0,0
1526830843,s3-eth1,6247428.00,153410.00,6400838.00,153410,6247428,4129.00,2067.00,6196.00,2067,4129,0.00,0.00,0,0
1526830843,total,19206454.00,19208216.00,38414672.00,19208216,19206454,18634.00,18636.00,37270.00,18636,18634,0.00,0.00,0,0
1526830844,s1,0.00,397.00,397.00,397,0,0.00,2.00,2.00,2,0,0.00,0.00,0,0
1526830844,eth0,0.00,0.00,0.00,0,0,0.00,0.00,0.00,0,0,0.00,0.00,0,0
1526830844,eth1,0.00,0.00,0.00,0,0,0.00,0.00,0.00,0,0,0.00,0.00,0,0
1526830844,s2,0.00,397.00,397.00,397,0,0.00,2.00,2.00,2,0,0.00,0.00,0,0
1526830844,s1-eth2,153059.00,6247161.00,6400220.00,6247161,153059,2065.00,4128.00,6193.00,4128,2065,0.00,0.00,0,0
1526830844,s1-eth1,6247558.00,152662.00,6400220.00,152662,6247558,4130.00,2063.00,6193.00,2063,4130,0.00,0.00,0,0
1526830844,s3,0.00,794.00,794.00,794,0,0.00,4.00,4.00,4,0,0.00,0.00,0,0
1526830844,s2-eth2,153456.00,6248278.00,6401734.00,6248278,153456,2067.00,4127.00,6194.00,4127,2067,0.00,0.00,0,0
1526830844,s2-eth1,6247161.00,153059.00,6400220.00,153059,6247161,4128.00,2065.00,6193.00,2065,4128,0.00,0.00,0,0
1526830844,lo,2376.00,2376.00,4752.00,2376,2376,24.00,24.00,48.00,24,24,0.00,0.00,0,0
1526830844,s3-eth2,153382.00,6246764.00,6400146.00,6246764,153382,2066.00,4126.00,6192.00,4126,2066,0.00,0.00,0,0
1526830844,s3-eth1,6248278.00,153456.00,6401734.00,153456,6248278,4127.00,2067.00,6194.00,2067,4127,0.00,0.00,0,0
1526830844,total,19205270.00,19205344.00,38410616.00,19205344,19205270,18607.00,18608.00,37215.00,18608,18607,0.00,0.00,0,0
1526830845,s1,0.00,342.00,342.00,342,0,0.00,1.00,1.00,1,0,0.00,0.00,0,0
1526830845,eth0,0.00,0.00,0.00,0,0,0.00,0.00,0.00,0,0,0.00,0.00,0,0
1526830845,eth1,0.00,0.00,0.00,0,0,0.00,0.00,0.00,0,0,0.00,0.00,0,0
1526830845,s2,0.00,0.00,0.00,0,0,0.00,0.00,0.00,0,0,0.00,0.00,0,0
1526830845,s1-eth2,152736.00,6250134.00,6402870.00,6250134,152736,2064.00,4129.00,6193.00,4129,2064,0.00,0.00,0,0
1526830845,s1-eth1,6251306.00,152810.00,6404116.00,152810,6251306,4129.00,2065.00,6194.00,2065,4129,0.00,0.00,0,0
1526830845,s3,0.00,0.00,0.00,0,0,0.00,0.00,0.00,0,0,0.00,0.00,0,0
1526830845,s2-eth2,152810.00,6251306.00,6404116.00,6251306,152810,2065.00,4129.00,6194.00,4129,2065,0.00,0.00,0,0
1526830845,s2-eth1,6250134.00,152736.00,6402870.00,152736,6250134,4129.00,2064.00,6193.00,2064,4129,0.00,0.00,0,0
1526830845,lo,326.00,326.00,652.00,326,326,3.00,3.00,6.00,3,3,0.00,0.00,0,0
1526830845,s3-eth2,152810.00,6251306.00,6404116.00,6251306,152810,2065.00,4129.00,6194.00,4129,2065,0.00,0.00,0,0
1526830845,s3-eth1,6251306.00,152810.00,6404116.00,152810,6251306,4129.00,2065.00,6194.00,2065,4129,0.00,0.00,0,0
1526830845,total,19211428.00,19211770.00,38423200.00,19211770,19211428,18584.00,18585.00,37169.00,18585,18584,0.00,0.00,0,0
1526830846,s1,0.00,107.00,107.00,107,0,0.00,1.00,1.00,1,0,0.00,0.00,0,0
1526830846,eth0,0.00,0.00,0.00,0,0,0.00,0.00,0.00,0,0,0.00,0.00,0,0
1526830846,eth1,0.00,0.00,0.00,0,0,0.00,0.00,0.00,0,0,0.00,0.00,0,0
1526830846,s2,0.00,107.00,107.00,107,0,0.00,1.00,1.00,1,0,0.00,0.00,0,0
1526830846,s1-eth2,152810.00,6251413.00,6404223.00,6251413,152810,2065.00,4130.00,6195.00,4130,2065,0.00,0.00,0,0
1526830846,s1-eth1,6250241.00,152736.00,6402977.00,152736,6250241,4130.00,2064.00,6194.00,2064,4130,0.00,0.00,0,0
1526830846,s3,0.00,342.00,342.00,342,0,0.00,1.00,1.00,1,0,0.00,0.00,0,0
1526830846,s2-eth2,153078.00,6251413.00,6404491.00,6251413,153078,2065.00,4130.00,6195.00,4130,2065,0.00,0.00,0,0
1526830846,s2-eth1,6251413.00,152810.00,6404223.00,152810,6251413,4130.00,2065.00,6195.00,2065,4130,0.00,0.00,0,0
1526830846,lo,936.00,936.00,1872.00,936,936,9.00,9.00,18.00,9,9,0.00,0.00,0,0
1526830846,s3-eth2,153078.00,6251306.00,6404384.00,6251306,153078,2065.00,4129.00,6194.00,4129,2065,0.00,0.00,0,0
1526830846,s3-eth1,6251413.00,153078.00,6404491.00,153078,6251413,4130.00,2065.00,6195.00,2065,4130,0.00,0.00,0,0
1526830846,total,19212968.00,19214248.00,38427216.00,19214248,19212969,18594.00,18595.00,37189.00,18595,18594,0.00,0.00,0,0
1526830847,s1,0.00,177.00,177.00,177,0,0.00,2.00,2.00,2,0,0.00,0.00,0,0
1526830847,eth0,0.00,0.00,0.00,0,0,0.00,0.00,0.00,0,0,0.00,0.00,0,0
1526830847,eth1,0.00,0.00,0.00,0,0,0.00,0.00,0.00,0,0,0.00,0.00,0,0
1526830847,s2,0.00,177.00,177.00,177,0,0.00,2.00,2.00,2,0,0.00,0.00,0,0
1526830847,s1-eth2,152843.00,6249969.00,6402812.00,6249969,152843,2065.00,4130.00,6195.00,4130,2065,0.00,0.00,0,0
1526830847,s1-eth1,6251590.00,152810.00,6404400.00,152810,6251590,4132.00,2065.00,6197.00,2065,4132,0.00,0.00,0,0
1526830847,s3,0.00,214.00,214.00,214,0,0.00,2.00,2.00,2,0,0.00,0.00,0,0
1526830847,s2-eth2,152950.00,6249862.00,6402812.00,6249862,152950,2066.00,4129.00,6195.00,4129,2066,0.00,0.00,0,0
1526830847,s2-eth1,6249969.00,152843.00,6402812.00,152843,6249969,4130.00,2065.00,6195.00,2065,4130,0.00,0.00,0,0
1526830847,lo,1756.00,1756.00,3512.00,1756,1756,18.00,18.00,36.00,18,18,0.00,0.00,0,0
1526830847,s3-eth2,153024.00,6249792.00,6402816.00,6249792,153024,2067.00,4128.00,6195.00,4128,2067,0.00,0.00,0,0
1526830847,s3-eth1,6249862.00,152950.00,6402812.00,152950,6249862,4129.00,2066.00,6195.00,2066,4129,0.00,0.00,0,0
1526830847,total,19211994.00,19210550.00,38422544.00,19210550,19211994,18607.00,18607.00,37214.00,18607,18607,0.00,0.00,0,0
1526830848,s1,0.00,70.00,70.00,70,0,0.00,1.00,1.00,1,0,0.00,0.00,0,0
1526830848,eth0,4464.00,864.00,5328.00,864,4464,10.00,10.00,20.00,10,10,0.00,0.00,0,0
1526830848,eth1,0.00,0.00,0.00,0,0,0.00,0.00,0.00,0,0,0.00,0.00,0,0
1526830848,s2,0.00,70.00,70.00,70,0,0.00,1.00,1.00,1,0,0.00,0.00,0,0
1526830848,s1-eth2,152510.00,6240778.00,6393288.00,6240778,152510,2061.00,4123.00,6184.00,4123,2061,0.00,0.00,0,0
1526830848,s1-eth1,6239334.00,152440.00,6391774.00,152440,6239334,4123.00,2060.00,6183.00,2060,4123,0.00,0.00,0,0
1526830848,s3,0.00,140.00,140.00,140,0,0.00,2.00,2.00,2,0,0.00,0.00,0,0
1526830848,s2-eth2,152654.00,6239194.00,6391848.00,6239194,152654,2063.00,4121.00,6184.00,4121,2063,0.00,0.00,0,0
1526830848,s2-eth1,6240778.00,152510.00,6393288.00,152510,6240778,4123.00,2061.00,6184.00,2061,4123,0.00,0.00,0,0
1526830848,lo,1441.00,1441.00,2882.00,1441,1441,16.00,16.00,32.00,16,16,0.00,0.00,0,0
1526830848,s3-eth2,152654.00,6239194.00,6391848.00,6239194,152654,2063.00,4121.00,6184.00,4121,2063,0.00,0.00,0,0
1526830848,s3-eth1,6239194.00,152654.00,6391848.00,152654,6239194,4121.00,2063.00,6184.00,2063,4121,0.00,0.00,0,0
1526830848,total,19183028.00,19179356.00,38362384.00,19179355,19183029,18580.00,18579.00,37159.00,18579,18580,0.00,0.00,0,0
1526830849,s1,0.00,342.00,342.00,342,0,0.00,1.00,1.00,1,0,0.00,0.00,0,0
1526830849,eth0,120.00,2006.00,2126.00,2006,120,2.00,3.00,5.00,3,2,0.00,0.00,0,0
1526830849,eth1,0.00,0.00,0.00,0,0,0.00,0.00,0.00,0,0,0.00,0.00,0,0
1526830849,s2,0.00,684.00,684.00,684,0,0.00,2.00,2.00,2,0,0.00,0.00,0,0
1526830849,s1-eth2,152042.00,6206228.00,6358270.00,6206228,152042,2051.00,4100.00,6151.00,4100,2051,0.00,0.00,0,0
1526830849,s1-eth1,6208084.00,151700.00,6359784.00,151700,6208084,4102.00,2050.00,6152.00,2050,4102,0.00,0.00,0,0
1526830849,s3,0.00,342.00,342.00,342,0,0.00,1.00,1.00,1,0,0.00,0.00,0,0
1526830849,s2-eth2,152042.00,6206228.00,6358270.00,6206228,152042,2051.00,4100.00,6151.00,4100,2051,0.00,0.00,0,0
1526830849,s2-eth1,6206228.00,152042.00,6358270.00,152042,6206228,4100.00,2051.00,6151.00,2051,4100,0.00,0.00,0,0
1526830849,lo,1304.00,1304.00,2608.00,1304,1304,12.00,12.00,24.00,12,12,0.00,0.00,0,0
1526830849,s3-eth2,151968.00,6207400.00,6359368.00,6207400,151968,2050.00,4100.00,6150.00,4100,2050,0.00,0.00,0,0
1526830849,s3-eth1,6206228.00,152042.00,6358270.00,152042,6206228,4100.00,2051.00,6151.00,2051,4100,0.00,0.00,0,0
1526830849,total,19078016.00,19080318.00,38158336.00,19080318,19078016,18468.00,18471.00,36939.00,18471,18468,0.00,0.00,0,0
1526830850,s1,0.00,0.00,0.00,0,0,0.00,0.00,0.00,0,0,0.00,0.00,0,0
1526830850,eth0,0.00,0.00,0.00,0,0,0.00,0.00,0.00,0,0,0.00,0.00,0,0
1526830850,eth1,0.00,0.00,0.00,0,0,0.00,0.00,0.00,0,0,0.00,0.00,0,0
1526830850,s2,0.00,0.00,0.00,0,0,0.00,0.00,0.00,0,0,0.00,0.00,0,0
1526830850,s1-eth2,152736.00,6248278.00,6401014.00,6248278,152736,2064.00,4127.00,6191.00,4127,2064,0.00,0.00,0,0
1526830850,s1-eth1,6248278.00,152736.00,6401014.00,152736,6248278,4127.00,2064.00,6191.00,2064,4127,0.00,0.00,0,0
1526830850,s3,0.00,0.00,0.00,0,0,0.00,0.00,0.00,0,0,0.00,0.00,0,0
1526830850,s2-eth2,152662.00,6248278.00,6400940.00,6248278,152662,2063.00,4127.00,6190.00,4127,2063,0.00,0.00,0,0
1526830850,s2-eth1,6248278.00,152736.00,6401014.00,152736,6248278,4127.00,2064.00,6191.00,2064,4127,0.00,0.00,0,0
1526830850,lo,0.00,0.00,0.00,0,0,0.00,0.00,0.00,0,0,0.00,0.00,0,0
1526830850,s3-eth2,152662.00,6248278.00,6400940.00,6248278,152662,2063.00,4127.00,6190.00,4127,2063,0.00,0.00,0,0
1526830850,s3-eth1,6248278.00,152662.00,6400940.00,152662,6248278,4127.00,2063.00,6190.00,2063,4127,0.00,0.00,0,0
1526830850,total,19202894.00,19202968.00,38405864.00,19202968,19202894,18571.00,18572.00,37143.00,18572,18571,0.00,0.00,0,0
1526830851,s1,0.00,0.00,0.00,0,0,0.00,0.00,0.00,0,0,0.00,0.00,0,0
1526830851,eth0,0.00,0.00,0.00,0,0,0.00,0.00,0.00,0,0,0.00,0.00,0,0
1526830851,eth1,0.00,0.00,0.00,0,0,0.00,0.00,0.00,0,0,0.00,0.00,0,0
1526830851,s2,0.00,0.00,0.00,0,0,0.00,0.00,0.00,0,0,0.00,0.00,0,0
1526830851,s1-eth2,59730.00,2248906.00,2308636.00,2248906,59730,807.00,1489.00,2296.00,1489,807,0.00,0.00,0,0
1526830851,s1-eth1,2312494.00,58176.00,2370670.00,58176,2312494,1531.00,786.00,2317.00,786,1531,0.00,0.00,0,0
1526830851,s3,0.00,0.00,0.00,0,0,0.00,0.00,0.00,0,0,0.00,0.00,0,0
1526830851,s2-eth2,61284.00,2177748.00,2239032.00,2177748,61284,828.00,1442.00,2270.00,1442,828,0.00,0.00,0,0
1526830851,s2-eth1,2248906.00,59730.00,2308636.00,59730,2248906,1489.00,807.00,2296.00,807,1489,0.00,0.00,0,0
1526830851,lo,0.00,0.00,0.00,0,0,0.00,0.00,0.00,0,0,0.00,0.00,0,0
1526830851,s3-eth2,62838.00,2112646.00,2175484.00,2112646,62838,849.00,1399.00,2248.00,1399,849,0.00,0.00,0,0
1526830851,s3-eth1,2177748.00,61284.00,2239032.00,61284,2177748,1442.00,828.00,2270.00,828,1442,0.00,0.00,0,0
1526830851,total,6923000.00,6718490.00,13641490.00,6718490,6923000,6946.00,6751.00,13697.00,6751,6946,0.00,0.00,0,0
1526830852,s1,0.00,342.00,342.00,342,0,0.00,1.00,1.00,1,0,0.00,0.00,0,0
1526830852,eth0,0.00,0.00,0.00,0,0,0.00,0.00,0.00,0,0,0.00,0.00,0,0
1526830852,eth1,0.00,0.00,0.00,0,0,0.00,0.00,0.00,0,0,0.00,0.00,0,0
1526830852,s2,0.00,0.00,0.00,0,0,0.00,0.00,0.00,0,0,0.00,0.00,0,0
1526830852,s1-eth2,0.00,342.00,342.00,342,0,0.00,1.00,1.00,1,0,0.00,0.00,0,0
1526830852,s1-eth1,342.00,0.00,342.00,0,342,1.00,0.00,1.00,0,1,0.00,0.00,0,0
1526830852,s3,0.00,0.00,0.00,0,0,0.00,0.00,0.00,0,0,0.00,0.00,0,0
1526830852,s2-eth2,0.00,0.00,0.00,0,0,0.00,0.00,0.00,0,0,0.00,0.00,0,0
1526830852,s2-eth1,342.00,0.00,342.00,0,342,1.00,0.00,1.00,0,1,0.00,0.00,0,0
1526830852,lo,326.00,326.00,652.00,326,326,3.00,3.00,6.00,3,3,0.00,0.00,0,0
1526830852,s3-eth2,0.00,0.00,0.00,0,0,0.00,0.00,0.00,0,0,0.00,0.00,0,0
1526830852,s3-eth1,0.00,0.00,0.00,0,0,0.00,0.00,0.00,0,0,0.00,0.00,0,0
1526830852,total,1010.00,1010.00,2020.00,1010,1010,5.00,5.00,10.00,5,5,0.00,0.00,0,0
1526830853,s1,0.00,0.00,0.00,0,0,0.00,0.00,0.00,0,0,0.00,0.00,0,0
1526830853,eth0,0.00,0.00,0.00,0,0,0.00,0.00,0.00,0,0,0.00,0.00,0,0
1526830853,eth1,0.00,0.00,0.00,0,0,0.00,0.00,0.00,0,0,0.00,0.00,0,0
1526830853,s2,0.00,0.00,0.00,0,0,0.00,0.00,0.00,0,0,0.00,0.00,0,0
1526830853,s1-eth2,0.00,0.00,0.00,0,0,0.00,0.00,0.00,0,0,0.00,0.00,0,0
1526830853,s1-eth1,0.00,0.00,0.00,0,0,0.00,0.00,0.00,0,0,0.00,0.00,0,0
1526830853,s3,0.00,0.00,0.00,0,0,0.00,0.00,0.00,0,0,0.00,0.00,0,0
1526830853,s2-eth2,0.00,0.00,0.00,0,0,0.00,0.00,0.00,0,0,0.00,0.00,0,0
1526830853,s2-eth1,0.00,0.00,0.00,0,0,0.00,0.00,0.00,0,0,0.00,0.00,0,0
1526830853,lo,344.00,344.00,688.00,344,344,6.00,6.00,12.00,6,6,0.00,0.00,0,0
1526830853,s3-eth2,0.00,0.00,0.00,0,0,0.00,0.00,0.00,0,0,0.00,0.00,0,0
1526830853,s3-eth1,0.00,0.00,0.00,0,0,0.00,0.00,0.00,0,0,0.00,0.00,0,0
1526830853,total,344.00,344.00,688.00,344,344,6.00,6.00,12.00,6,6,0.00,0.00,0,0
1526830854,s1,0.00,107.00,107.00,107,0,0.00,1.00,1.00,1,0,0.00,0.00,0,0
1526830854,eth0,0.00,0.00,0.00,0,0,0.00,0.00,0.00,0,0,0.00,0.00,0,0
1526830854,eth1,0.00,0.00,0.00,0,0,0.00,0.00,0.00,0,0,0.00,0.00,0,0
1526830854,s2,0.00,107.00,107.00,107,0,0.00,1.00,1.00,1,0,0.00,0.00,0,0
1526830854,s1-eth2,0.00,107.00,107.00,107,0,0.00,1.00,1.00,1,0,0.00,0.00,0,0
1526830854,s1-eth1,107.00,0.00,107.00,0,107,1.00,0.00,1.00,0,1,0.00,0.00,0,0
1526830854,s3,0.00,0.00,0.00,0,0,0.00,0.00,0.00,0,0,0.00,0.00,0,0
1526830854,s2-eth2,0.00,107.00,107.00,107,0,0.00,1.00,1.00,1,0,0.00,0.00,0,0
1526830854,s2-eth1,107.00,0.00,107.00,0,107,1.00,0.00,1.00,0,1,0.00,0.00,0,0
1526830854,lo,610.00,610.00,1220.00,610,610,6.00,6.00,12.00,6,6,0.00,0.00,0,0
1526830854,s3-eth2,107.00,0.00,107.00,0,107,1.00,0.00,1.00,0,1,0.00,0.00,0,0
1526830854,s3-eth1,107.00,0.00,107.00,0,107,1.00,0.00,1.00,0,1,0.00,0.00,0,0
1526830854,total,1038.00,1038.00,2076.00,1038,1038,10.00,10.00,20.00,10,10,0.00,0.00,0,0
1526830855,s1,0.00,107.00,107.00,107,0,0.00,1.00,1.00,1,0,0.00,0.00,0,0
1526830855,eth0,0.00,0.00,0.00,0,0,0.00,0.00,0.00,0,0,0.00,0.00,0,0
1526830855,eth1,0.00,0.00,0.00,0,0,0.00,0.00,0.00,0,0,0.00,0.00,0,0
1526830855,s2,0.00,107.00,107.00,107,0,0.00,1.00,1.00,1,0,0.00,0.00,0,0
1526830855,s1-eth2,107.00,107.00,214.00,107,107,1.00,1.00,2.00,1,1,0.00,0.00,0,0
1526830855,s1-eth1,214.00,0.00,214.00,0,214,2.00,0.00,2.00,0,2,0.00,0.00,0,0
1526830855,s3,0.00,214.00,214.00,214,0,0.00,2.00,2.00,2,0,0.00,0.00,0,0
1526830855,s2-eth2,214.00,0.00,214.00,0,214,2.00,0.00,2.00,0,2,0.00,0.00,0,0
1526830855,s2-eth1,107.00,107.00,214.00,107,107,1.00,1.00,2.00,1,1,0.00,0.00,0,0
1526830855,lo,1220.00,1220.00,2440.00,1220,1220,12.00,12.00,24.00,12,12,0.00,0.00,0,0
1526830855,s3-eth2,214.00,0.00,214.00,0,214,2.00,0.00,2.00,0,2,0.00,0.00,0,0
1526830855,s3-eth1,0.00,214.00,214.00,214,0,0.00,2.00,2.00,2,0,0.00,0.00,0,0
1526830855,total,2076.00,2076.00,4152.00,2076,2076,20.00,20.00,40.00,20,20,0.00,0.00,0,0
1526830856,s1,0.00,0.00,0.00,0,0,0.00,0.00,0.00,0,0,0.00,0.00,0,0
1526830856,eth0,0.00,0.00,0.00,0,0,0.00,0.00,0.00,0,0,0.00,0.00,0,0
1526830856,eth1,542.00,0.00,542.00,0,542,3.00,0.00,3.00,0,3,0.00,0.00,0,0
1526830856,s2,0.00,0.00,0.00,0,0,0.00,0.00,0.00,0,0,0.00,0.00,0,0
1526830856,s1-eth2,0.00,0.00,0.00,0,0,0.00,0.00,0.00,0,0,0.00,0.00,0,0
1526830856,s1-eth1,0.00,0.00,0.00,0,0,0.00,0.00,0.00,0,0,0.00,0.00,0,0
1526830856,s3,0.00,342.00,342.00,342,0,0.00,1.00,1.00,1,0,0.00,0.00,0,0
1526830856,s2-eth2,342.00,0.00,342.00,0,342,1.00,0.00,1.00,0,1,0.00,0.00,0,0
1526830856,s2-eth1,0.00,0.00,0.00,0,0,0.00,0.00,0.00,0,0,0.00,0.00,0,0
1526830856,lo,326.00,326.00,652.00,326,326,3.00,3.00,6.00,3,3,0.00,0.00,0,0
1526830856,s3-eth2,342.00,0.00,342.00,0,342,1.00,0.00,1.00,0,1,0.00,0.00,0,0
1526830856,s3-eth1,0.00,342.00,342.00,342,0,0.00,1.00,1.00,1,0,0.00,0.00,0,0
1526830856,total,1552.00,1010.00,2562.00,1010,1552,8.00,5.00,13.00,5,8,0.00,0.00,0,0
1526830857,s1,0.00,0.00,0.00,0,0,0.00,0.00,0.00,0,0,0.00,0.00,0,0
1526830857,eth0,0.00,0.00,0.00,0,0,0.00,0.00,0.00,0,0,0.00,0.00,0,0
1526830857,eth1,168.00,0.00,168.00,0,168,2.00,0.00,2.00,0,2,0.00,0.00,0,0
1526830857,s2,0.00,0.00,0.00,0,0,0.00,0.00,0.00,0,0,0.00,0.00,0,0
1526830857,s1-eth2,0.00,0.00,0.00,0,0,0.00,0.00,0.00,0,0,0.00,0.00,0,0
1526830857,s1-eth1,0.00,0.00,0.00,0,0,0.00,0.00,0.00,0,0,0.00,0.00,0,0
1526830857,s3,0.00,0.00,0.00,0,0,0.00,0.00,0.00,0,0,0.00,0.00,0,0
1526830857,s2-eth2,0.00,0.00,0.00,0,0,0.00,0.00,0.00,0,0,0.00,0.00,0,0
1526830857,s2-eth1,0.00,0.00,0.00,0,0,0.00,0.00,0.00,0,0,0.00,0.00,0,0
1526830857,lo,0.00,0.00,0.00,0,0,0.00,0.00,0.00,0,0,0.00,0.00,0,0
1526830857,s3-eth2,0.00,0.00,0.00,0,0,0.00,0.00,0.00,0,0,0.00,0.00,0,0
1526830857,s3-eth1,0.00,0.00,0.00,0,0,0.00,0.00,0.00,0,0,0.00,0.00,0,0
1526830857,total,167.83,0.00,167.83,0,168,2.00,0.00,2.00,0,2,0.00,0.00,0,0
1526830858,s1,0.00,0.00,0.00,0,0,0.00,0.00,0.00,0,0,0.00,0.00,0,0
1526830858,eth0,460.54,709.29,1169.83,710,461,5.99,4.00,9.99,4,6,0.00,0.00,0,0
1526830858,eth1,1777.22,85.91,1863.14,86,1779,9.99,1.00,10.99,1,10,0.00,0.00,0,0
1526830858,s2,0.00,0.00,0.00,0,0,0.00,0.00,0.00,0,0,0.00,0.00,0,0
1526830858,s1-eth2,0.00,0.00,0.00,0,0,0.00,0.00,0.00,0,0,0.00,0.00,0,0
1526830858,s1-eth1,0.00,0.00,0.00,0,0,0.00,0.00,0.00,0,0,0.00,0.00,0,0
1526830858,s3,0.00,0.00,0.00,0,0,0.00,0.00,0.00,0,0,0.00,0.00,0,0
1526830858,s2-eth2,0.00,0.00,0.00,0,0,0.00,0.00,0.00,0,0,0.00,0.00,0,0
1526830858,s2-eth1,0.00,0.00,0.00,0,0,0.00,0.00,0.00,0,0,0.00,0.00,0,0
1526830858,lo,959.00,959.00,1918.00,959,959,9.00,9.00,18.00,9,9,0.00,0.00,0,0
1526830858,s3-eth2,0.00,0.00,0.00,0,0,0.00,0.00,0.00,0,0,0.00,0.00,0,0
1526830858,s3-eth1,0.00,0.00,0.00,0,0,0.00,0.00,0.00,0,0,0.00,0.00,0,0
1526830858,total,3199.00,1755.00,4954.00,1755,3199,25.00,14.00,39.00,14,25,0.00,0.00,0,0
1526830859,s1,0.00,0.00,0.00,0,0,0.00,0.00,0.00,0,0,0.00,0.00,0,0
1526830859,eth0,1496.00,1122.00,2618.00,1122,1496,8.00,10.00,18.00,10,8,0.00,0.00,0,0
1526830859,eth1,1043.00,0.00,1043.00,0,1043,4.00,0.00,4.00,0,4,0.00,0.00,0,0
1526830859,s2,0.00,0.00,0.00,0,0,0.00,0.00,0.00,0,0,0.00,0.00,0,0
1526830859,s1-eth2,0.00,0.00,0.00,0,0,0.00,0.00,0.00,0,0,0.00,0.00,0,0
1526830859,s1-eth1,0.00,0.00,0.00,0,0,0.00,0.00,0.00,0,0,0.00,0.00,0,0
1526830859,s3,0.00,0.00,0.00,0,0,0.00,0.00,0.00,0,0,0.00,0.00,0,